-2.0 -2.0 -2.0 -0.285143572176 -0.489802449428 -0.489802449428 0.749079258614 2.58129808809
-2.0 -2.0 -1.0 -0.46052331326 -0.900497535068 -0.450248767534 1.1071140345 3.075479677
-2.0 -2.0 0.0 -0.584743463339 -1.1968990317 0.0 1.33210067562 3.33464060354
-2.0 -2.0 1.0 -0.46052331326 -0.900497535068 0.450248767534 1.1071140345 3.075479677
-2.0 -2.0 2.0 -0.285143572176 -0.489802449428 0.489802449428 0.749079258614 2.58129808809
-2.0 -1.0 -2.0 -0.46052331326 -0.450248767534 -0.900497535068 1.1071140345 3.075479677
-2.0 -1.0 -1.0 -1.24571606419 -1.36454764602 -1.36454764602 2.29690858963 4.22987254985
-2.0 -1.0 0.0 -2.4225921044 -2.65805223148 0.0 3.59641407093 5.17817511391
-2.0 -1.0 1.0 -1.24571606419 -1.36454764602 1.36454764602 2.29690858963 4.22987254985
-2.0 -1.0 2.0 -0.46052331326 -0.450248767534 0.900497535068 1.1071140345 3.075479677
-2.0 0.0 -2.0 -0.584743463339 0.0 -1.1968990317 1.33210067562 3.33464060354
-2.0 0.0 -1.0 -2.4225921044 0.0 -2.65805223148 3.59641407093 5.17817511391
-2.0 0.0 0.0 -7.73966666667 0.0 0.0 7.73966666667 7.49
-2.0 0.0 1.0 -2.4225921044 0.0 2.65805223148 3.59641407093 5.17817511391
-2.0 0.0 2.0 -0.584743463339 0.0 1.1968990317 1.33210067562 3.33464060354
-2.0 1.0 -2.0 -0.46052331326 0.450248767534 -0.900497535068 1.1071140345 3.075479677
-2.0 1.0 -1.0 -1.24571606419 1.36454764602 -1.36454764602 2.29690858963 4.22987254985
-2.0 1.0 0.0 -2.4225921044 2.65805223148 0.0 3.59641407093 5.17817511391
-2.0 1.0 1.0 -1.24571606419 1.36454764602 1.36454764602 2.29690858963 4.22987254985
-2.0 1.0 2.0 -0.46052331326 0.450248767534 0.900497535068 1.1071140345 3.075479677
-2.0 2.0 -2.0 -0.285143572176 0.489802449428 -0.489802449428 0.749079258614 2.58129808809
-2.0 2.0 -1.0 -0.46052331326 0.900497535068 -0.450248767534 1.1071140345 3.075479677
-2.0 2.0 0.0 -0.584743463339 1.1968990317 0.0 1.33210067562 3.33464060354
-2.0 2.0 1.0 -0.46052331326 0.900497535068 0.450248767534 1.1071140345 3.075479677
-2.0 2.0 2.0 -0.285143572176 0.489802449428 0.489802449428 0.749079258614 2.58129808809
-1.0 -2.0 -2.0 -0.0995464627341 -0.561092042508 -0.561092042508 0.799723738909 2.77634998439
-1.0 -2.0 -1.0 -0.0542218386629 -1.05048821809 -0.525244109045 1.17573248582 3.34622016166
-1.0 -2.0 0.0 0.00947669060764 -1.43361215012 0.0 1.43364347194 3.6521820783
-1.0 -2.0 1.0 -0.0542218386629 -1.05048821809 0.525244109045 1.17573248582 3.34622016166
-1.0 -2.0 2.0 -0.0995464627341 -0.561092042508 0.561092042508 0.799723738909 2.77634998439
-1.0 -1.0 -2.0 -0.0542218386629 -0.525244109045 -1.05048821809 1.17573248582 3.34622016166
-1.0 -1.0 -1.0 0.506629528262 -2.05955240728 -2.05955240728 2.95638050926 4.83558716452
-1.0 -1.0 0.0 1.56991555611 -6.61417328462 0.0 6.79793520801 6.65208004705
-1.0 -1.0 1.0 0.506629528262 -2.05955240728 2.05955240728 2.95638050926 4.83558716452
-1.0 -1.0 2.0 -0.0542218386629 -0.525244109045 1.05048821809 1.17573248582 3.34622016166
-1.0 0.0 -2.0 0.00947669060764 0.0 -1.43361215012 1.43364347194 3.6521820783
-1.0 0.0 -1.0 1.56991555611 0.0 -6.61417328462 6.79793520801 6.65208004705
-1.0 0.0 1.0 1.56991555611 0.0 6.61417328462 6.79793520801 6.65208004705
-1.0 0.0 2.0 0.00947669060764 0.0 1.43361215012 1.43364347194 3.6521820783
-1.0 1.0 -2.0 -0.0542218386629 0.525244109045 -1.05048821809 1.17573248582 3.34622016166
-1.0 1.0 -1.0 0.506629528262 2.05955240728 -2.05955240728 2.95638050926 4.83558716452
-1.0 1.0 0.0 1.56991555611 6.61417328462 0.0 6.79793520801 6.65208004705
-1.0 1.0 1.0 0.506629528262 2.05955240728 2.05955240728 2.95638050926 4.83558716452
-1.0 1.0 2.0 -0.0542218386629 0.525244109045 1.05048821809 1.17573248582 3.34622016166
-1.0 2.0 -2.0 -0.0995464627341 0.561092042508 -0.561092042508 0.799723738909 2.77634998439
-1.0 2.0 -1.0 -0.0542218386629 1.05048821809 -0.525244109045 1.17573248582 3.34622016166
-1.0 2.0 0.0 0.00947669060764 1.43361215012 0.0 1.43364347194 3.6521820783
-1.0 2.0 1.0 -0.0542218386629 1.05048821809 0.525244109045 1.17573248582 3.34622016166
-1.0 2.0 2.0 -0.0995464627341 0.561092042508 0.561092042508 0.799723738909 2.77634998439
0.0 -2.0 -2.0 0.0 -0.537121086892 -0.537121086892 0.75960392572 2.81426212535
0.0 -2.0 -1.0 0.0 -0.838401437918 -0.419200718959 0.937361303809 3.31911547302
0.0 -2.0 0.0 0.0 -0.968644637083 0.0 0.968644637083 3.54511159271
0.0 -2.0 1.0 0.0 -0.838401437918 0.419200718959 0.937361303809 3.31911547302
0.0 -2.0 2.0 0.0 -0.537121086892 0.537121086892 0.75960392572 2.81426212535
0.0 -1.0 -2.0 0.0 -0.419200718959 -0.838401437918 0.937361303809 3.31911547302
0.0 -1.0 -1.0 0.0 -0.281744938332 -0.281744938332 0.398447512919 4.02297268965
0.0 -1.0 0.0 0.0 2.6325242507 0.0 2.6325242507 3.72295149861
0.0 -1.0 1.0 0.0 -0.281744938332 0.281744938332 0.398447512919 4.02297268965
0.0 -1.0 2.0 0.0 -0.419200718959 0.838401437918 0.937361303809 3.31911547302
0.0 0.0 -2.0 0.0 0.0 -0.968644637083 0.968644637083 3.54511159271
0.0 0.0 -1.0 0.0 0.0 2.6325242507 2.6325242507 3.72295149861
0.0 0.0 1.0 0.0 0.0 -2.6325242507 2.6325242507 3.72295149861
0.0 0.0 2.0 0.0 0.0 0.968644637083 0.968644637083 3.54511159271
0.0 1.0 -2.0 0.0 0.419200718959 -0.838401437918 0.937361303809 3.31911547302
0.0 1.0 -1.0 0.0 0.281744938332 -0.281744938332 0.398447512919 4.02297268965
0.0 1.0 0.0 0.0 -2.6325242507 0.0 2.6325242507 3.72295149861
0.0 1.0 1.0 0.0 0.281744938332 0.281744938332 0.398447512919 4.02297268965
0.0 1.0 2.0 0.0 0.419200718959 0.838401437918 0.937361303809 3.31911547302
0.0 2.0 -2.0 0.0 0.537121086892 -0.537121086892 0.75960392572 2.81426212535
0.0 2.0 -1.0 0.0 0.838401437918 -0.419200718959 0.937361303809 3.31911547302
0.0 2.0 0.0 0.0 0.968644637083 0.0 0.968644637083 3.54511159271
0.0 2.0 1.0 0.0 0.838401437918 0.419200718959 0.937361303809 3.31911547302
0.0 2.0 2.0 0.0 0.537121086892 0.537121086892 0.75960392572 2.81426212535
1.0 -2.0 -2.0 0.0995464627341 -0.561092042508 -0.561092042508 0.799723738909 2.77634998439
1.0 -2.0 -1.0 0.0542218386629 -1.05048821809 -0.525244109045 1.17573248582 3.34622016166
1.0 -2.0 0.0 -0.00947669060764 -1.43361215012 0.0 1.43364347194 3.6521820783
1.0 -2.0 1.0 0.0542218386629 -1.05048821809 0.525244109045 1.17573248582 3.34622016166
1.0 -2.0 2.0 0.0995464627341 -0.561092042508 0.561092042508 0.799723738909 2.77634998439
1.0 -1.0 -2.0 0.0542218386629 -0.525244109045 -1.05048821809 1.17573248582 3.34622016166
1.0 -1.0 -1.0 -0.506629528262 -2.05955240728 -2.05955240728 2.95638050926 4.83558716452
1.0 -1.0 0.0 -1.56991555611 -6.61417328462 0.0 6.79793520801 6.65208004705
1.0 -1.0 1.0 -0.506629528262 -2.05955240728 2.05955240728 2.95638050926 4.83558716452
1.0 -1.0 2.0 0.0542218386629 -0.525244109045 1.05048821809 1.17573248582 3.34622016166
1.0 0.0 -2.0 -0.00947669060764 0.0 -1.43361215012 1.43364347194 3.6521820783
1.0 0.0 -1.0 -1.56991555611 0.0 -6.61417328462 6.79793520801 6.65208004705
1.0 0.0 1.0 -1.56991555611 0.0 6.61417328462 6.79793520801 6.65208004705
1.0 0.0 2.0 -0.00947669060764 0.0 1.43361215012 1.43364347194 3.6521820783
1.0 1.0 -2.0 0.0542218386629 0.525244109045 -1.05048821809 1.17573248582 3.34622016166
1.0 1.0 -1.0 -0.506629528262 2.05955240728 -2.05955240728 2.95638050926 4.83558716452
1.0 1.0 0.0 -1.56991555611 6.61417328462 0.0 6.79793520801 6.65208004705
1.0 1.0 1.0 -0.506629528262 2.05955240728 2.05955240728 2.95638050926 4.83558716452
1.0 1.0 2.0 0.0542218386629 0.525244109045 1.05048821809 1.17573248582 3.34622016166
1.0 2.0 -2.0 0.0995464627341 0.561092042508 -0.561092042508 0.799723738909 2.77634998439
1.0 2.0 -1.0 0.0542218386629 1.05048821809 -0.525244109045 1.17573248582 3.34622016166
1.0 2.0 0.0 -0.00947669060764 1.43361215012 0.0 1.43364347194 3.6521820783
1.0 2.0 1.0 0.0542218386629 1.05048821809 0.525244109045 1.17573248582 3.34622016166
1.0 2.0 2.0 0.0995464627341 0.561092042508 0.561092042508 0.799723738909 2.77634998439
2.0 -2.0 -2.0 0.285143572176 -0.489802449428 -0.489802449428 0.749079258614 2.58129808809
2.0 -2.0 -1.0 0.46052331326 -0.900497535068 -0.450248767534 1.1071140345 3.075479677
2.0 -2.0 0.0 0.584743463339 -1.1968990317 0.0 1.33210067562 3.33464060354
2.0 -2.0 1.0 0.46052331326 -0.900497535068 0.450248767534 1.1071140345 3.075479677
2.0 -2.0 2.0 0.285143572176 -0.489802449428 0.489802449428 0.749079258614 2.58129808809
2.0 -1.0 -2.0 0.46052331326 -0.450248767534 -0.900497535068 1.1071140345 3.075479677
2.0 -1.0 -1.0 1.24571606419 -1.36454764602 -1.36454764602 2.29690858963 4.22987254985
2.0 -1.0 0.0 2.4225921044 -2.65805223148 0.0 3.59641407093 5.17817511391
2.0 -1.0 1.0 1.24571606419 -1.36454764602 1.36454764602 2.29690858963 4.22987254985
2.0 -1.0 2.0 0.46052331326 -0.450248767534 0.900497535068 1.1071140345 3.075479677
2.0 0.0 -2.0 0.584743463339 0.0 -1.1968990317 1.33210067562 3.33464060354
2.0 0.0 -1.0 2.4225921044 0.0 -2.65805223148 3.59641407093 5.17817511391
2.0 0.0 0.0 7.73966666667 0.0 0.0 7.73966666667 7.49
2.0 0.0 1.0 2.4225921044 0.0 2.65805223148 3.59641407093 5.17817511391
2.0 0.0 2.0 0.584743463339 0.0 1.1968990317 1.33210067562 3.33464060354
2.0 1.0 -2.0 0.46052331326 0.450248767534 -0.900497535068 1.1071140345 3.075479677
2.0 1.0 -1.0 1.24571606419 1.36454764602 -1.36454764602 2.29690858963 4.22987254985
2.0 1.0 0.0 2.4225921044 2.65805223148 0.0 3.59641407093 5.17817511391
2.0 1.0 1.0 1.24571606419 1.36454764602 1.36454764602 2.29690858963 4.22987254985
2.0 1.0 2.0 0.46052331326 0.450248767534 0.900497535068 1.1071140345 3.075479677
2.0 2.0 -2.0 0.285143572176 0.489802449428 -0.489802449428 0.749079258614 2.58129808809
2.0 2.0 -1.0 0.46052331326 0.900497535068 -0.450248767534 1.1071140345 3.075479677
2.0 2.0 0.0 0.584743463339 1.1968990317 0.0 1.33210067562 3.33464060354
2.0 2.0 1.0 0.46052331326 0.900497535068 0.450248767534 1.1071140345 3.075479677
2.0 2.0 2.0 0.285143572176 0.489802449428 0.489802449428 0.749079258614 2.58129808809
