7.0 HD_1237_b 6.4053704e+27 1.7892e+30 74002332800.0 0.511 63610977898.8 37815192060.8 36187140739.2 1.11817524861e+11 0.366903331423
13.0 HD_147018_b 4.03725478e+27 1.842876e+30 35732708000.0 0.4686 31566647994.4 16744346968.8 18988361031.2 52477054968.8 0.12130084405
14.0 HD_218566_b 4.04031056e+26 1.6898e+30 1.028173872e+11 0.3 98081536237.3 30845216160.0 71972171040.0 1.3366260336e+11 0.618294205571
19.0 GJ_649_b 6.17497218e+26 1.07352e+30 1.69315784e+11 0.3 1.61516963776e+11 50794735200.0 1.185210488e+11 2.201105192e+11 1.63928355915
20.0 HD_132406_b 1.06381951e+28 2.16692e+30 2.96547592e+11 0.34 2.78880898395e+11 1.0082618128e+11 1.9572141072e+11 3.9737377328e+11 2.67444177965
23.0 HD_126614_A_b 7.32069988e+26 2.27626e+30 3.54323112e+11 0.41 3.23172980674e+11 1.4527247592e+11 2.0905063608e+11 4.9959558792e+11 3.40801324115
25.0 HD_38283_b 6.41821986e+26 2.15698e+30 1.53163472e+11 0.41 1.39698185357e+11 62797023520.0 90366448480.0 2.1596049552e+11 0.994999194442
42.0 HAT-P-17_b 1.006239884e+27 1.703716e+30 13200479600.0 0.346 12385145539.1 4567365941.6 8633113658.4 17767845541.6 0.0283268934349
46.0 GJ_581_e 1.164339488e+25 6.1628e+29 4257466400.0 0.32 4033598354.33 1362389248.0 2895077152.0 5619855648.0 0.00862682108541
58.0 HD_142415_b 3.15436212e+27 2.11722e+30 1.58667256e+11 0.5 1.37409874445e+11 79333628000.0 79333628000.0 2.38000884e+11 1.05891465063
72.0 HD_31253_b 9.51708446e+26 2.44524e+30 1.88576784e+11 0.3 1.79890786735e+11 56573035200.0 1.320037488e+11 2.451498192e+11 1.2766874112
77.0 HD_192310_c 1.397066554e+26 1.5904e+30 1.77063568e+11 0.32 1.67753130476e+11 56660341760.0 1.2040322624e+11 2.3372390976e+11 1.44030217965
81.0 HD_23127_b 2.66644326e+27 2.240476e+30 3.46868544e+11 0.44 3.11487179975e+11 1.5262215936e+11 1.9424638464e+11 4.9949070336e+11 3.32728661001
82.0 HD_154672_b 9.50210924e+27 2.10728e+30 89553252800.0 0.61 70962124095.6 54627484208.0 34925768592.0 1.44180737008e+11 0.450063620353
87.0 HD_11506_b 8.9864606e+27 2.36572e+30 3.89690048e+11 0.3 3.71740613189e+11 1.169070144e+11 2.727830336e+11 5.065970624e+11 3.8557625942
90.0 HD_125612_b 5.8231589e+27 2.1868e+30 2.0537088e+11 0.45899 1.82459998927e+11 94263180211.2 1.11107699789e+11 2.99634060211e+11 1.53432283201
91.0 42_Dra_b 7.08339294e+27 1.82896e+30 1.74572728e+11 0.38 1.61477414292e+11 66337636640.0 1.0823509136e+11 2.4091036464e+11 1.31484778309
93.0 HD_153950_b 5.20448682e+27 2.22656e+30 1.91534376e+11 0.34 1.8012379899e+11 65121687840.0 1.2641268816e+11 2.5665606384e+11 1.36951211873
100.0 HD_50554_b 8.34884648e+27 2.0377e+30 3.38241112e+11 0.444 3.03073096246e+11 1.50179053728e+11 1.88062058272e+11 4.88420165728e+11 3.35956038632
101.0 HD_11964_c 1.487046938e+26 2.200716e+30 34179710400.0 0.301733 32586678430.0 10313146558.1 23866563841.9 44492856958.1 0.1038445125
121.0 14_Her_b 9.89780428e+27 2.119208e+30 4.38869552e+11 0.369 4.07898262131e+11 1.61942864688e+11 2.76926687312e+11 6.00812416688e+11 4.8688833406
125.0 HD_171238_b 4.95190098e+27 1.874684e+30 3.80384928e+11 0.4 3.48628545156e+11 1.521539712e+11 2.282309568e+11 5.325388992e+11 4.17718681713
126.0 HIP_5158_b 2.70717434e+27 1.55064e+30 1.328326824e+11 0.52 1.13461195553e+11 69072994848.0 63759687552.0 2.01905677248e+11 0.947796077765
142.0 HD_80606_b 7.38424492e+27 1.904504e+30 66922512800.0 0.934 23909607240.7 62505626955.2 4416885844.8 1.29428139755e+11 0.30583022125
146.0 HD_86264_b 1.257876724e+28 2.7832e+30 4.25039032e+11 0.7 3.03538582637e+11 2.975273224e+11 1.275117096e+11 7.225663544e+11 4.04933770304
147.0 HD_82943_c 3.77563446e+27 2.252404e+30 1.111254232e+11 0.359 1.03717531289e+11 39894026928.8 71231396271.2 1.51019450129e+11 0.60174152345
156.0 HD_90156_b 1.07292991e+26 1.66992e+30 37378308000.0 0.31 35536923838.4 11587275480.0 25791032520.0 48965583480.0 0.136330996368
159.0 24_Sex_c 2.5856454e+27 3.06152e+30 3.1758584e+11 0.412 2.89379086915e+11 1.3084536608e+11 1.8674047392e+11 4.4843120608e+11 2.49365363091
164.0 HD_79498_b 2.55531536e+27 2.10728e+30 4.68690816e+11 0.59 3.78422485729e+11 2.7652758144e+11 1.9216323456e+11 7.4521839744e+11 5.38866923893
167.0 HD_102365_b 9.67551052e+25 1.76932e+30 69313868800.0 0.34 65184525262.2 23566715392.0 45747153408.0 92880584192.0 0.334456777418
176.0 HD_240237_b 1.009639202e+28 3.35972e+30 2.87062952e+11 0.4 2.63097541351e+11 1.148251808e+11 1.722377712e+11 4.018881328e+11 2.04563036593
178.0 HD_11977_b 1.23748651e+28 3.79708e+30 2.89689928e+11 0.4 2.65505204625e+11 1.158759712e+11 1.738139568e+11 4.055658992e+11 1.95068976098
183.0 HD_217107_c 4.96414308e+27 2.202704e+30 7.97987344e+11 0.517222 6.82958484769e+11 4.12736610038e+11 3.85250733962e+11 1.21072395404e+12 11.7092457085
184.0 HD_74156_b 3.36595116e+27 2.461144e+30 43613636000.0 0.63 33870137433.2 27476590680.0 16137045320.0 71090226680.0 0.141539583691
206.0 16_Cyg_B_b 3.11266306e+27 1.900528e+30 2.48376392e+11 0.681 1.81881912559e+11 1.69144322952e+11 79232069048.0 4.17520714952e+11 2.18897760935
208.0 HD_213240_b 8.60266602e+27 2.272284e+30 2.82039384e+11 0.421 2.55826823435e+11 1.18738580664e+11 1.63300803336e+11 4.00777964664e+11 2.42240255165
209.0 HD_12661_b 4.4428384e+27 2.258368e+30 1.253905312e+11 0.376834 1.16146842635e+11 47251415434.2 78139115765.8 1.72641946634e+11 0.720298884028
215.0 GJ_667_C_c 2.55106384e+25 6.5604e+29 18713763200.0 0.34 17598898909.8 6362679488.0 12351083712.0 25076442688.0 0.077052994073
222.0 HD_7449_b 2.4922638e+27 2.0874e+30 3.50037072e+11 0.82 2.00348450958e+11 2.8703039904e+11 63006672960.0 6.3706747104e+11 3.49446913033
226.0 HD_216437_b 4.11518666e+27 2.220596e+30 3.71839776e+11 0.319 3.52412900967e+11 1.18616888544e+11 2.53222887456e+11 4.90456664544e+11 3.7094709544
232.0 HD_220773_b 2.7516255e+27 2.30608e+30 7.39475792e+11 0.51 6.36078146379e+11 3.7713265392e+11 3.6234313808e+11 1.11660844592e+12 10.208495495
235.0 HD_137388_b 4.32394768e+26 1.70968e+30 1.32968968e+11 0.36 1.24053704946e+11 47868828480.0 85100139520.0 1.8083779648e+11 0.904026197281
236.0 HD_100777_b 2.21120796e+27 1.988e+30 1.54653488e+11 0.36 1.44284327824e+11 55675255680.0 98978232320.0 2.1032874368e+11 1.05158497753
240.0 HD_128311_b 2.7657656e+27 1.646064e+30 1.62538904e+11 0.345 1.52559451686e+11 56075921880.0 1.0646298212e+11 2.1861482588e+11 1.24516130615
241.0 HD_181433_d 1.016344836e+27 1.55064e+30 4.52103168e+11 0.48 3.96615862602e+11 2.1700952064e+11 2.3509364736e+11 6.6911268864e+11 5.95132706542
244.0 HD_5388_b 3.72974082e+27 2.40548e+30 2.63818104e+11 0.4 2.41793286256e+11 1.055272416e+11 1.582908624e+11 3.693453456e+11 2.1299480028
245.0 CoRoT-10_b 5.22967328e+27 1.76932e+30 15777264800.0 0.53 13379083339.8 8361950344.0 7415314456.0 24139215144.0 0.0363209636859
251.0 HD_204941_b 5.0655722e+26 1.47112e+30 3.82118792e+11 0.37 3.5500049158e+11 1.4138395304e+11 2.4073483896e+11 5.2350274504e+11 4.74773563708
255.0 HD_117618_b 3.35285496e+26 2.125172e+30 26157859200.0 0.42 23738887742.5 10986300864.0 15171558336.0 37144160064.0 0.0707488261177
269.0 HD_187085_b 1.525411212e+27 2.272284e+30 3.03319984e+11 0.47 2.67730362846e+11 1.4256039248e+11 1.6075959152e+11 4.4588037648e+11 2.70167569452
270.0 HD_118203_b 4.05456454e+27 2.44524e+30 10516835120.0 0.309 10002162641.8 3249702052.08 7267133067.92 13766537172.1 0.0168143404427
297.0 HD_45350_b 3.48499372e+27 2.095352e+30 2.90841848e+11 0.778 1.82725542949e+11 2.26274957744e+11 64566890256.0 5.17116805744e+11 2.64161688594
306.0 HD_20782_b 3.6062e+27 1.926372e+30 2.04364072e+11 0.97 49681910479.9 1.9823314984e+11 6130922160.0 4.0259722184e+11 1.62274293509
308.0 HD_65216_b 2.30865128e+27 1.82896e+30 2.05590792e+11 0.41 1.87516384903e+11 84292224720.0 1.2129856728e+11 2.8988301672e+11 1.68041430517
314.0 HD_16175_b 8.31221508e+27 2.56452e+30 3.169276e+11 0.6 2.5354208e+11 1.9015656e+11 1.2677104e+11 5.0708416e+11 2.71612674492
320.0 HAT-P-34_b 6.327932e+27 2.767296e+30 10134906320.0 0.441 9096150410.8 4469493687.12 5665412632.88 14604400007.1 0.0149525335226
326.0 HD_4203_b 3.9519207e+27 2.24644e+30 1.74339352e+11 0.519 1.49020786968e+11 90482123688.0 83857228312.0 2.64821475688e+11 1.18401911478
349.0 HD_169830_c 7.71360486e+27 2.797116e+30 5.38835264e+11 0.33 5.08650214711e+11 1.7781563712e+11 3.6101962688e+11 7.1665090112e+11 5.76556351827
352.0 HD_85390_b 2.50315832e+26 1.51088e+30 2.27955992e+11 0.41 2.07915360026e+11 93461956720.0 1.3449403528e+11 3.2141794872e+11 2.15861165106
359.0 WASP-8_b 4.05786706e+27 2.04764e+30 11990888800.0 0.31 11400176327.9 3717175528.0 8273713272.0 15708064328.0 0.0223698589205
362.0 HD_44219_b 1.11842497e+27 1.988e+30 1.77594648e+11 0.61 1.40726250092e+11 1.0833273528e+11 69261912720.0 2.8592738328e+11 1.29404567287
375.0 HD_20868_b 3.81310098e+27 1.55064e+30 1.417189224e+11 0.75 93738256185.6 1.062891918e+11 35429730600.0 2.480081142e+11 1.04447789953
379.0 55_Cnc_f 3.28120546e+26 1.79914e+30 1.157256232e+11 0.32 1.09640485546e+11 37032199424.0 78693423776.0 1.52757822624e+11 0.715524974701
384.0 HD_181433_b 4.50454238e+25 1.55064e+30 11982107280.0 0.396 11002576126.5 4744914482.88 7237192797.12 16727021762.9 0.0256777696417
386.0 HD_108147_b 4.89682102e+26 2.327948e+30 15170487200.0 0.53 12864537366.1 8040358216.0 7130128984.0 23210845416.0 0.0298555887121
388.0 HD_215497_c 6.21640552e+26 1.733536e+30 1.91851528e+11 0.49 1.67241280741e+11 94007248720.0 97844279280.0 2.8585877672e+11 1.55594573154
417.0 HD_3651_b 4.3459455e+26 1.753416e+30 44090112000.0 0.596 35403673595.1 26277706752.0 17812405248.0 70367818752.0 0.1704442304
418.0 HD_99706_b 2.66268522e+27 3.41936e+30 3.19280808e+11 0.37 2.96622009085e+11 1.1813389896e+11 2.0114690904e+11 4.3741470696e+11 2.37848157556
419.0 HD_169830_b 5.48419508e+27 2.797116e+30 1.216665384e+11 0.31 1.15672825768e+11 37716626904.0 83949911496.0 1.59383165304e+11 0.618606491961
420.0 HD_175541_b 1.091124138e+27 3.029712e+30 1.50099664e+11 0.33 1.41691220717e+11 49532889120.0 1.0056677488e+11 1.9963255312e+11 0.814482750199
429.0 HD_28254_b 2.2043372e+27 2.10728e+30 3.21292928e+11 0.81 1.88415772073e+11 2.6024727168e+11 61045656320.0 5.8154019968e+11 3.05846567791
431.0 HD_210277_b 2.4156795e+27 1.960168e+30 1.6920508e+11 0.476 1.48806608909e+11 80541618080.0 88663461920.0 2.4974669808e+11 1.21195482835
439.0 HD_33283_b 6.26664558e+26 2.46512e+30 21748548800.0 0.48 19079316521.5 10439303424.0 11309245376.0 32187852224.0 0.0498011506039
444.0 HD_148156_b 1.608767576e+27 2.42536e+30 3.18517848e+11 0.52 2.72067199021e+11 1.6562928096e+11 1.5288856704e+11 4.8414712896e+11 2.81400936359
477.0 HD_45652_b 8.89114304e+26 1.65004e+30 34090548800.0 0.38 31533296953.5 12954408544.0 21136140256.0 47044957344.0 0.119458411973
505.0 HD_196885_b 5.5875222e+27 2.44524e+30 3.80239816e+11 0.48 3.33572408452e+11 1.8251511168e+11 1.9772470432e+11 5.6275492768e+11 3.65543129201
507.0 HD_190228_b 1.127778314e+28 3.620148e+30 3.89675088e+11 0.531 3.30199688221e+11 2.06917471728e+11 1.82757616272e+11 5.96592559728e+11 3.11676303606
514.0 61_Vir_d 1.358833242e+26 1.872696e+30 70989239200.0 0.35 66499148506.8 24846233720.0 46143005480.0 95835472920.0 0.336952067586
518.0 HD_4113_b 3.12845442e+27 1.96812e+30 1.90389936e+11 0.903 81799236329.1 1.71922112208e+11 18467823792.0 3.62312048208e+11 1.44362095942
521.0 HD_87883_b 3.33233758e+27 1.596364e+30 5.35041408e+11 0.53 4.53713852092e+11 2.8357194624e+11 2.5146946176e+11 8.1861335424e+11 7.5514110848
523.0 HD_66428_b 5.21877876e+27 2.109268e+30 4.70131464e+11 0.465 4.16212406051e+11 2.1861113076e+11 2.5152033324e+11 6.8874259476e+11 5.41098187183
524.0 HD_52265_b 2.03349822e+27 2.32596e+30 74781748800.0 0.325 70722147978.8 24304068360.0 50477680440.0 99085817160.0 0.326892750269
528.0 CoRoT-16_b 1.021089836e+27 2.182824e+30 9243395040.0 0.33 8725588664.8 3050320363.2 6193074676.8 12293715403.2 0.0146639474427
529.0 HD_216770_b 1.227867446e+27 1.7892e+30 68193215200.0 0.37 63353662330.3 25231489624.0 42961725576.0 93424704824.0 0.324560220973
555.0 HD_96167_b 1.29931386e+27 2.60428e+30 2.01547104e+11 0.71 1.41929808361e+11 1.4309844384e+11 58448660160.0 3.4464554784e+11 1.36689133296
556.0 HD_43197_b 1.132855464e+27 1.90848e+30 1.373368392e+11 0.83 76601461099.6 1.13989576536e+11 23347262664.0 2.51326415736e+11 0.898151810381
558.0 HD_183263_b 6.7843061e+27 2.228548e+30 2.22912976e+11 0.35672 2.08247831661e+11 79517516798.7 1.43395459201e+11 3.02430492799e+11 1.71871953391
561.0 HD_145377_b 1.097425498e+28 2.22656e+30 67329574400.0 0.307 64078196564.1 20670179340.8 46659395059.2 87999753740.8 0.28543326597
573.0 HD_96127_b 7.60530498e+27 1.80908e+30 2.12599552e+11 0.3 2.02807046856e+11 63779865600.0 1.488196864e+11 2.763794176e+11 1.77675528386
574.0 HD_17156_b 6.2686195e+27 2.55458e+30 24414271200.0 0.6819 17857706644.3 16648091531.3 7766179668.72 41062362731.3 0.0581860501894
576.0 HD_30562_b 2.52916092e+27 2.538676e+30 3.50188168e+11 0.76 2.27595370054e+11 2.6614300768e+11 84045160320.0 6.1633117568e+11 3.17074669196
587.0 HD_190360_b 2.91365776e+27 1.954204e+30 5.9433836e+11 0.313105 5.64454145055e+11 1.86090312208e+11 4.08248047792e+11 7.80428672208e+11 7.99058687701
590.0 HD_37605_b 5.31770252e+27 1.988e+30 42387215200.0 0.6767 31207962772.6 28683428525.8 13703786674.2 71070643725.8 0.150888840572
600.0 HD_142022_b 8.47954276e+27 1.7892e+30 4.38571848e+11 0.53 3.71907892735e+11 2.3244307944e+11 2.0612876856e+11 6.7101492744e+11 5.29352131022
607.0 HIP_57050_b 5.6510103e+26 6.7592e+29 24460497600.0 0.314 23223358588.7 7680596246.4 16779901353.6 32141093846.4 0.113439229288
610.0 HD_92788_b 6.76432016e+27 2.143064e+30 1.422908432e+11 0.334 1.3411951749e+11 47525141628.8 94765701571.2 1.89815984829e+11 0.893842176575
612.0 HD_154857_b 4.42740766e+27 3.415384e+30 1.93292176e+11 0.47 1.70612512019e+11 90847322720.0 1.0244485328e+11 2.8413949872e+11 1.12102326905
613.0 HD_163607_b 1.459290586e+27 2.16692e+30 53736469600.0 0.73 36726036730.2 39227622808.0 14508846792.0 92964092408.0 0.206298106192
621.0 HD_171028_b 3.72343946e+27 1.96812e+30 1.96004424e+11 0.59 1.58254607968e+11 1.1564261016e+11 80361813840.0 3.1164703416e+11 1.50794675773
