-2.0 -2.0 -2.0 0.00927299746718 0.00832140180895 0.00832140180895 0.0149826545765 -0.0546863891449
-2.0 -2.0 -1.5 0.0114902010608 0.0103701932062 0.00777764490465 0.01732216464 -0.0587472794549
-2.0 -2.0 -1.0 0.013701408232 0.0124280993151 0.00621404965757 0.0195141142067 -0.0622929915022
-2.0 -2.0 -0.5 0.015407939157 0.014025003366 0.0035062508415 0.0211281590169 -0.0647678178397
-2.0 -2.0 0.0 0.0160600636249 0.0146370442754 -0.0 0.0217294433605 -0.0656632738493
-2.0 -2.0 0.5 0.015407939157 0.014025003366 -0.0035062508415 0.0211281590169 -0.0647678178397
-2.0 -2.0 1.0 0.013701408232 0.0124280993151 -0.00621404965757 0.0195141142067 -0.0622929915022
-2.0 -2.0 1.5 0.0114902010608 0.0103701932062 -0.00777764490465 0.01732216464 -0.0587472794549
-2.0 -2.0 2.0 0.00927299746718 0.00832140180895 -0.00832140180895 0.0149826545765 -0.0546863891449
-2.0 -1.5 -2.0 0.0114902010608 0.00777764490465 0.0103701932062 0.01732216464 -0.0587472794549
-2.0 -1.5 -1.5 0.0148001738082 0.0100916058756 0.0100916058756 0.0205603055194 -0.0639092631653
-2.0 -1.5 -1.0 0.0183342322834 0.0125839103642 0.00838927357611 0.0237671787264 -0.0686006590828
-2.0 -1.5 -0.5 0.0212306061834 0.014640209619 0.004880069873 0.0262467037657 -0.0719925418059
-2.0 -1.5 0.0 0.0223781594346 0.0154578797173 -0.0 0.0271979422942 -0.0732460978799
-2.0 -1.5 0.5 0.0212306061834 0.014640209619 -0.004880069873 0.0262467037657 -0.0719925418059
-2.0 -1.5 1.0 0.0183342322834 0.0125839103642 -0.00838927357611 0.0237671787264 -0.0686006590828
-2.0 -1.5 1.5 0.0148001738082 0.0100916058756 -0.0100916058756 0.0205603055194 -0.0639092631653
-2.0 -1.5 2.0 0.0114902010608 0.00777764490465 -0.0103701932062 0.01732216464 -0.0587472794549
-2.0 -1.0 -2.0 0.013701408232 0.00621404965757 0.0124280993151 0.0195141142067 -0.0622929915022
-2.0 -1.0 -1.5 0.0183342322834 0.00838927357611 0.0125839103642 0.0237671787264 -0.0686006590828
-2.0 -1.0 -1.0 0.0236382061084 0.0109049754777 0.0109049754777 0.0282241345015 -0.0745711286312
-2.0 -1.0 -0.5 0.0282768838332 0.0131221697295 0.00656108486473 0.0318562604887 -0.0790541129509
-2.0 -1.0 0.0 0.0301910350539 0.0140408979273 -0.0 0.0332963273084 -0.080750685633
-2.0 -1.0 0.5 0.0282768838332 0.0131221697295 -0.00656108486473 0.0318562604887 -0.0790541129509
-2.0 -1.0 1.0 0.0236382061084 0.0109049754777 -0.0109049754777 0.0282241345015 -0.0745711286312
-2.0 -1.0 1.5 0.0183342322834 0.00838927357611 -0.0125839103642 0.0237671787264 -0.0686006590828
-2.0 -1.0 2.0 0.013701408232 0.00621404965757 -0.0124280993151 0.0195141142067 -0.0622929915022
-2.0 -0.5 -2.0 0.015407939157 0.0035062508415 0.014025003366 0.0211281590169 -0.0647678178397
-2.0 -0.5 -1.5 0.0212306061834 0.004880069873 0.014640209619 0.0262467037657 -0.0719925418059
-2.0 -0.5 -1.0 0.0282768838332 0.00656108486473 0.0131221697295 0.0318562604887 -0.0790541129509
-2.0 -0.5 -0.5 0.0347828410693 0.00812622769945 0.00812622769945 0.0366321878421 -0.0845257006524
-2.0 -0.5 0.0 0.0375637610331 0.00879821526079 -0.0 0.0385803672186 -0.0866393296662
-2.0 -0.5 0.5 0.0347828410693 0.00812622769945 -0.00812622769945 0.0366321878421 -0.0845257006524
-2.0 -0.5 1.0 0.0282768838332 0.00656108486473 -0.0131221697295 0.0318562604887 -0.0790541129509
-2.0 -0.5 1.5 0.0212306061834 0.004880069873 -0.014640209619 0.0262467037657 -0.0719925418059
-2.0 -0.5 2.0 0.015407939157 0.0035062508415 -0.014025003366 0.0211281590169 -0.0647678178397
-2.0 0.0 -2.0 0.0160600636249 -0.0 0.0146370442754 0.0217294433605 -0.0656632738493
-2.0 0.0 -1.5 0.0223781594346 -0.0 0.0154578797173 0.0271979422942 -0.0732460978799
-2.0 0.0 -1.0 0.0301910350539 -0.0 0.0140408979273 0.0332963273084 -0.080750685633
-2.0 0.0 -0.5 0.0375637610331 -0.0 0.00879821526079 0.0385803672186 -0.0866393296662
-2.0 0.0 0.0 0.0407611111111 -0.0 -0.0 0.0407611111111 -0.0889333333333
-2.0 0.0 0.5 0.0375637610331 -0.0 -0.00879821526079 0.0385803672186 -0.0866393296662
-2.0 0.0 1.0 0.0301910350539 -0.0 -0.0140408979273 0.0332963273084 -0.080750685633
-2.0 0.0 1.5 0.0223781594346 -0.0 -0.0154578797173 0.0271979422942 -0.0732460978799
-2.0 0.0 2.0 0.0160600636249 -0.0 -0.0146370442754 0.0217294433605 -0.0656632738493
-2.0 0.5 -2.0 0.015407939157 -0.0035062508415 0.014025003366 0.0211281590169 -0.0647678178397
-2.0 0.5 -1.5 0.0212306061834 -0.004880069873 0.014640209619 0.0262467037657 -0.0719925418059
-2.0 0.5 -1.0 0.0282768838332 -0.00656108486473 0.0131221697295 0.0318562604887 -0.0790541129509
-2.0 0.5 -0.5 0.0347828410693 -0.00812622769945 0.00812622769945 0.0366321878421 -0.0845257006524
-2.0 0.5 0.0 0.0375637610331 -0.00879821526079 -0.0 0.0385803672186 -0.0866393296662
-2.0 0.5 0.5 0.0347828410693 -0.00812622769945 -0.00812622769945 0.0366321878421 -0.0845257006524
-2.0 0.5 1.0 0.0282768838332 -0.00656108486473 -0.0131221697295 0.0318562604887 -0.0790541129509
-2.0 0.5 1.5 0.0212306061834 -0.004880069873 -0.014640209619 0.0262467037657 -0.0719925418059
-2.0 0.5 2.0 0.015407939157 -0.0035062508415 -0.014025003366 0.0211281590169 -0.0647678178397
-2.0 1.0 -2.0 0.013701408232 -0.00621404965757 0.0124280993151 0.0195141142067 -0.0622929915022
-2.0 1.0 -1.5 0.0183342322834 -0.00838927357611 0.0125839103642 0.0237671787264 -0.0686006590828
-2.0 1.0 -1.0 0.0236382061084 -0.0109049754777 0.0109049754777 0.0282241345015 -0.0745711286312
-2.0 1.0 -0.5 0.0282768838332 -0.0131221697295 0.00656108486473 0.0318562604887 -0.0790541129509
-2.0 1.0 0.0 0.0301910350539 -0.0140408979273 -0.0 0.0332963273084 -0.080750685633
-2.0 1.0 0.5 0.0282768838332 -0.0131221697295 -0.00656108486473 0.0318562604887 -0.0790541129509
-2.0 1.0 1.0 0.0236382061084 -0.0109049754777 -0.0109049754777 0.0282241345015 -0.0745711286312
-2.0 1.0 1.5 0.0183342322834 -0.00838927357611 -0.0125839103642 0.0237671787264 -0.0686006590828
-2.0 1.0 2.0 0.013701408232 -0.00621404965757 -0.0124280993151 0.0195141142067 -0.0622929915022
-2.0 1.5 -2.0 0.0114902010608 -0.00777764490465 0.0103701932062 0.01732216464 -0.0587472794549
-2.0 1.5 -1.5 0.0148001738082 -0.0100916058756 0.0100916058756 0.0205603055194 -0.0639092631653
-2.0 1.5 -1.0 0.0183342322834 -0.0125839103642 0.00838927357611 0.0237671787264 -0.0686006590828
-2.0 1.5 -0.5 0.0212306061834 -0.014640209619 0.004880069873 0.0262467037657 -0.0719925418059
-2.0 1.5 0.0 0.0223781594346 -0.0154578797173 -0.0 0.0271979422942 -0.0732460978799
-2.0 1.5 0.5 0.0212306061834 -0.014640209619 -0.004880069873 0.0262467037657 -0.0719925418059
-2.0 1.5 1.0 0.0183342322834 -0.0125839103642 -0.00838927357611 0.0237671787264 -0.0686006590828
-2.0 1.5 1.5 0.0148001738082 -0.0100916058756 -0.0100916058756 0.0205603055194 -0.0639092631653
-2.0 1.5 2.0 0.0114902010608 -0.00777764490465 -0.0103701932062 0.01732216464 -0.0587472794549
-2.0 2.0 -2.0 0.00927299746718 -0.00832140180895 0.00832140180895 0.0149826545765 -0.0546863891449
-2.0 2.0 -1.5 0.0114902010608 -0.0103701932062 0.00777764490465 0.01732216464 -0.0587472794549
-2.0 2.0 -1.0 0.013701408232 -0.0124280993151 0.00621404965757 0.0195141142067 -0.0622929915022
-2.0 2.0 -0.5 0.015407939157 -0.014025003366 0.0035062508415 0.0211281590169 -0.0647678178397
-2.0 2.0 0.0 0.0160600636249 -0.0146370442754 -0.0 0.0217294433605 -0.0656632738493
-2.0 2.0 0.5 0.015407939157 -0.014025003366 -0.0035062508415 0.0211281590169 -0.0647678178397
-2.0 2.0 1.0 0.013701408232 -0.0124280993151 -0.00621404965757 0.0195141142067 -0.0622929915022
-2.0 2.0 1.5 0.0114902010608 -0.0103701932062 -0.00777764490465 0.01732216464 -0.0587472794549
-2.0 2.0 2.0 0.00927299746718 -0.00832140180895 -0.00832140180895 0.0149826545765 -0.0546863891449
-1.5 -2.0 -2.0 0.00919750358644 0.0106100738679 0.0106100738679 0.0175994717872 -0.0593364213151
-1.5 -2.0 -1.5 0.011847678699 0.0137845733137 0.0103384299852 0.0209108844039 -0.0646214314381
-1.5 -2.0 -1.0 0.0146695155296 0.0172024831796 0.0086012415898 0.0241888707943 -0.0694296141055
-1.5 -2.0 -0.5 0.0169756878878 0.0200204007539 0.00500510018849 0.0267215540998 -0.0729078517398
-1.5 -2.0 0.0 0.0178877609356 0.0211402887485 -0.0 0.0276926668932 -0.0741935798359
-1.5 -2.0 0.5 0.0169756878878 0.0200204007539 -0.00500510018849 0.0267215540998 -0.0729078517398
-1.5 -2.0 1.0 0.0146695155296 0.0172024831796 -0.0086012415898 0.0241888707943 -0.0694296141055
-1.5 -2.0 1.5 0.011847678699 0.0137845733137 -0.0103384299852 0.0209108844039 -0.0646214314381
-1.5 -2.0 2.0 0.00919750358644 0.0106100738679 -0.0106100738679 0.0175994717872 -0.0593364213151
-1.5 -1.5 -2.0 0.011847678699 0.0103384299852 0.0137845733137 0.0209108844039 -0.0646214314381
-1.5 -1.5 -1.5 0.0161411541453 0.0142487532819 0.0142487532819 0.0258184197293 -0.0716889932223
-1.5 -1.5 -1.0 0.021208085076 0.0189301548046 0.012620103203 0.0311030647746 -0.0785222887025
-1.5 -1.5 -0.5 0.0257713694517 0.0231943733927 0.00773145779756 0.0355234835028 -0.0837568333128
-1.5 -1.5 0.0 0.02769058512 0.0249990661485 -0.0 0.0373057879234 -0.0857632743315
-1.5 -1.5 0.5 0.0257713694517 0.0231943733927 -0.00773145779756 0.0355234835028 -0.0837568333128
-1.5 -1.5 1.0 0.021208085076 0.0189301548046 -0.012620103203 0.0311030647746 -0.0785222887025
-1.5 -1.5 1.5 0.0161411541453 0.0142487532819 -0.0142487532819 0.0258184197293 -0.0716889932223
-1.5 -1.5 2.0 0.011847678699 0.0103384299852 -0.0137845733137 0.0209108844039 -0.0646214314381
-1.5 -1.0 -2.0 0.0146695155296 0.0086012415898 0.0172024831796 0.0241888707943 -0.0694296141055
-1.5 -1.0 -1.5 0.021208085076 0.012620103203 0.0189301548046 0.0311030647746 -0.0785222887025
-1.5 -1.0 -1.0 0.0298752531625 0.0180403134777 0.0180403134777 0.0392865953255 -0.0879304640642
-1.5 -1.0 -0.5 0.0386778794673 0.0236203288546 0.0118101644273 0.0468335166209 -0.0956606957326
-1.5 -1.0 0.0 0.0426944499453 0.0261851038152 -0.0 0.0500846854632 -0.0987687642893
-1.5 -1.0 0.5 0.0386778794673 0.0236203288546 -0.0118101644273 0.0468335166209 -0.0956606957326
-1.5 -1.0 1.0 0.0298752531625 0.0180403134777 -0.0180403134777 0.0392865953255 -0.0879304640642
-1.5 -1.0 1.5 0.021208085076 0.012620103203 -0.0189301548046 0.0311030647746 -0.0785222887025
-1.5 -1.0 2.0 0.0146695155296 0.0086012415898 -0.0172024831796 0.0241888707943 -0.0694296141055
-1.5 -0.5 -2.0 0.0169756878878 0.00500510018849 0.0200204007539 0.0267215540998 -0.0729078517398
-1.5 -0.5 -1.5 0.0257713694517 0.00773145779756 0.0231943733927 0.0355234835028 -0.0837568333128
-1.5 -0.5 -1.0 0.0386778794673 0.0118101644273 0.0236203288546 0.0468335166209 -0.0956606957326
-1.5 -0.5 -0.5 0.0533865836616 0.016527733222 0.016527733222 0.0582791493244 -0.106116068703
-1.5 -0.5 0.0 0.0606840071022 0.0188863668583 -0.0 0.0635550436322 -0.110531460401
-1.5 -0.5 0.5 0.0533865836616 0.016527733222 -0.016527733222 0.0582791493244 -0.106116068703
-1.5 -0.5 1.0 0.0386778794673 0.0118101644273 -0.0236203288546 0.0468335166209 -0.0956606957326
-1.5 -0.5 1.5 0.0257713694517 0.00773145779756 -0.0231943733927 0.0355234835028 -0.0837568333128
-1.5 -0.5 2.0 0.0169756878878 0.00500510018849 -0.0200204007539 0.0267215540998 -0.0729078517398
-1.5 0.0 -2.0 0.0178877609356 -0.0 0.0211402887485 0.0276926668932 -0.0741935798359
-1.5 0.0 -1.5 0.02769058512 -0.0 0.0249990661485 0.0373057879234 -0.0857632743315
-1.5 0.0 -1.0 0.0426944499453 -0.0 0.0261851038152 0.0500846854632 -0.0987687642893
-1.5 0.0 -0.5 0.0606840071022 -0.0 0.0188863668583 0.0635550436322 -0.110531460401
-1.5 0.0 0.0 0.0699608888889 -0.0 -0.0 0.0699608888889 -0.115613333333
-1.5 0.0 0.5 0.0606840071022 -0.0 -0.0188863668583 0.0635550436322 -0.110531460401
-1.5 0.0 1.0 0.0426944499453 -0.0 -0.0261851038152 0.0500846854632 -0.0987687642893
-1.5 0.0 1.5 0.02769058512 -0.0 -0.0249990661485 0.0373057879234 -0.0857632743315
-1.5 0.0 2.0 0.0178877609356 -0.0 -0.0211402887485 0.0276926668932 -0.0741935798359
-1.5 0.5 -2.0 0.0169756878878 -0.00500510018849 0.0200204007539 0.0267215540998 -0.0729078517398
-1.5 0.5 -1.5 0.0257713694517 -0.00773145779756 0.0231943733927 0.0355234835028 -0.0837568333128
-1.5 0.5 -1.0 0.0386778794673 -0.0118101644273 0.0236203288546 0.0468335166209 -0.0956606957326
-1.5 0.5 -0.5 0.0533865836616 -0.016527733222 0.016527733222 0.0582791493244 -0.106116068703
-1.5 0.5 0.0 0.0606840071022 -0.0188863668583 -0.0 0.0635550436322 -0.110531460401
-1.5 0.5 0.5 0.0533865836616 -0.016527733222 -0.016527733222 0.0582791493244 -0.106116068703
-1.5 0.5 1.0 0.0386778794673 -0.0118101644273 -0.0236203288546 0.0468335166209 -0.0956606957326
-1.5 0.5 1.5 0.0257713694517 -0.00773145779756 -0.0231943733927 0.0355234835028 -0.0837568333128
-1.5 0.5 2.0 0.0169756878878 -0.00500510018849 -0.0200204007539 0.0267215540998 -0.0729078517398
-1.5 1.0 -2.0 0.0146695155296 -0.0086012415898 0.0172024831796 0.0241888707943 -0.0694296141055
-1.5 1.0 -1.5 0.021208085076 -0.012620103203 0.0189301548046 0.0311030647746 -0.0785222887025
-1.5 1.0 -1.0 0.0298752531625 -0.0180403134777 0.0180403134777 0.0392865953255 -0.0879304640642
-1.5 1.0 -0.5 0.0386778794673 -0.0236203288546 0.0118101644273 0.0468335166209 -0.0956606957326
-1.5 1.0 0.0 0.0426944499453 -0.0261851038152 -0.0 0.0500846854632 -0.0987687642893
-1.5 1.0 0.5 0.0386778794673 -0.0236203288546 -0.0118101644273 0.0468335166209 -0.0956606957326
-1.5 1.0 1.0 0.0298752531625 -0.0180403134777 -0.0180403134777 0.0392865953255 -0.0879304640642
-1.5 1.0 1.5 0.021208085076 -0.012620103203 -0.0189301548046 0.0311030647746 -0.0785222887025
-1.5 1.0 2.0 0.0146695155296 -0.0086012415898 -0.0172024831796 0.0241888707943 -0.0694296141055
-1.5 1.5 -2.0 0.011847678699 -0.0103384299852 0.0137845733137 0.0209108844039 -0.0646214314381
-1.5 1.5 -1.5 0.0161411541453 -0.0142487532819 0.0142487532819 0.0258184197293 -0.0716889932223
-1.5 1.5 -1.0 0.021208085076 -0.0189301548046 0.012620103203 0.0311030647746 -0.0785222887025
-1.5 1.5 -0.5 0.0257713694517 -0.0231943733927 0.00773145779756 0.0355234835028 -0.0837568333128
-1.5 1.5 0.0 0.02769058512 -0.0249990661485 -0.0 0.0373057879234 -0.0857632743315
-1.5 1.5 0.5 0.0257713694517 -0.0231943733927 -0.00773145779756 0.0355234835028 -0.0837568333128
-1.5 1.5 1.0 0.021208085076 -0.0189301548046 -0.012620103203 0.0311030647746 -0.0785222887025
-1.5 1.5 1.5 0.0161411541453 -0.0142487532819 -0.0142487532819 0.0258184197293 -0.0716889932223
-1.5 1.5 2.0 0.011847678699 -0.0103384299852 -0.0137845733137 0.0209108844039 -0.0646214314381
-1.5 2.0 -2.0 0.00919750358644 -0.0106100738679 0.0106100738679 0.0175994717872 -0.0593364213151
-1.5 2.0 -1.5 0.011847678699 -0.0137845733137 0.0103384299852 0.0209108844039 -0.0646214314381
-1.5 2.0 -1.0 0.0146695155296 -0.0172024831796 0.0086012415898 0.0241888707943 -0.0694296141055
-1.5 2.0 -0.5 0.0169756878878 -0.0200204007539 0.00500510018849 0.0267215540998 -0.0729078517398
-1.5 2.0 0.0 0.0178877609356 -0.0211402887485 -0.0 0.0276926668932 -0.0741935798359
-1.5 2.0 0.5 0.0169756878878 -0.0200204007539 -0.00500510018849 0.0267215540998 -0.0729078517398
-1.5 2.0 1.0 0.0146695155296 -0.0172024831796 -0.0086012415898 0.0241888707943 -0.0694296141055
-1.5 2.0 1.5 0.011847678699 -0.0137845733137 -0.0103384299852 0.0209108844039 -0.0646214314381
-1.5 2.0 2.0 0.00919750358644 -0.0106100738679 -0.0106100738679 0.0175994717872 -0.0593364213151
-1.0 -2.0 -2.0 0.00814984598699 0.0130905867277 0.0130905867277 0.0202273802398 -0.0637212981441
-1.0 -2.0 -1.5 0.0108986771934 0.0177322656383 0.0132991992287 0.0246998605129 -0.0703770960616
-1.0 -2.0 -1.0 0.0140174610654 0.02309418139 0.011547090695 0.0293796823045 -0.0766936552812
-1.0 -2.0 -0.5 0.0167191912472 0.0278088166025 0.00695220415061 0.0331842549915 -0.0814424924195
-1.0 -2.0 0.0 0.0178271615161 0.029758820244 -0.0 0.0346899851547 -0.0832403047923
-1.0 -2.0 0.5 0.0167191912472 0.0278088166025 -0.00695220415061 0.0331842549915 -0.0814424924195
-1.0 -2.0 1.0 0.0140174610654 0.02309418139 -0.011547090695 0.0293796823045 -0.0766936552812
-1.0 -2.0 1.5 0.0108986771934 0.0177322656383 -0.0132991992287 0.0246998605129 -0.0703770960616
-1.0 -2.0 2.0 0.00814984598699 0.0130905867277 -0.0130905867277 0.0202273802398 -0.0637212981441
-1.0 -1.5 -2.0 0.0108986771934 0.0132991992287 0.0177322656383 0.0246998605129 -0.0703770960616
-1.0 -1.5 -1.5 0.0157252108746 0.0195505378547 0.0195505378547 0.0318076927466 -0.0797598623817
-1.0 -1.5 -1.0 0.0220591189766 0.0279634871312 0.0186423247542 0.0402007165956 -0.0894802628725
-1.0 -1.5 -0.5 0.0284227557238 0.0365967737948 0.0121989245983 0.0479164967049 -0.0974671917697
-1.0 -1.5 0.0 0.0313059095928 0.0405556643891 -0.0 0.0512330156196 -0.100677006176
-1.0 -1.5 0.5 0.0284227557238 0.0365967737948 -0.0121989245983 0.0479164967049 -0.0974671917697
-1.0 -1.5 1.0 0.0220591189766 0.0279634871312 -0.0186423247542 0.0402007165956 -0.0894802628725
-1.0 -1.5 1.5 0.0157252108746 0.0195505378547 -0.0195505378547 0.0318076927466 -0.0797598623817
-1.0 -1.5 2.0 0.0108986771934 0.0132991992287 -0.0177322656383 0.0246998605129 -0.0703770960616
-1.0 -1.0 -2.0 0.0140174610654 0.011547090695 0.02309418139 0.0293796823045 -0.0766936552812
-1.0 -1.0 -1.5 0.0220591189766 0.0186423247542 0.0279634871312 0.0402007165956 -0.0894802628725
-1.0 -1.0 -1.0 0.0347495622946 0.0302112021323 0.0302112021323 0.0550723664665 -0.104248686884
-1.0 -1.0 -0.5 0.0506155512812 0.0450707386035 0.0225353693018 0.0714223240964 -0.118043599891
-1.0 -1.0 0.0 0.0590956810331 0.0531298516691 -0.0 0.0794674817466 -0.12415719143
-1.0 -1.0 0.5 0.0506155512812 0.0450707386035 -0.0225353693018 0.0714223240964 -0.118043599891
-1.0 -1.0 1.0 0.0347495622946 0.0302112021323 -0.0302112021323 0.0550723664665 -0.104248686884
-1.0 -1.0 1.5 0.0220591189766 0.0186423247542 -0.0279634871312 0.0402007165956 -0.0894802628725
-1.0 -1.0 2.0 0.0140174610654 0.011547090695 -0.02309418139 0.0293796823045 -0.0766936552812
-1.0 -0.5 -2.0 0.0167191912472 0.00695220415061 0.0278088166025 0.0331842549915 -0.0814424924195
-1.0 -0.5 -1.5 0.0284227557238 0.0121989245983 0.0365967737948 0.0479164967049 -0.0974671917697
-1.0 -0.5 -1.0 0.0506155512812 0.0225353693018 0.0450707386035 0.0714223240964 -0.118043599891
-1.0 -0.5 -0.5 0.0865882877246 0.0398005125804 0.0398005125804 0.103274842892 -0.140363325433
-1.0 -0.5 0.0 0.110678800355 0.0515330175447 -0.0 0.122087873048 -0.151670839659
-1.0 -0.5 0.5 0.0865882877246 0.0398005125804 -0.0398005125804 0.103274842892 -0.140363325433
-1.0 -0.5 1.0 0.0506155512812 0.0225353693018 -0.0450707386035 0.0714223240964 -0.118043599891
-1.0 -0.5 1.5 0.0284227557238 0.0121989245983 -0.0365967737948 0.0479164967049 -0.0974671917697
-1.0 -0.5 2.0 0.0167191912472 0.00695220415061 -0.0278088166025 0.0331842549915 -0.0814424924195
-1.0 0.0 -2.0 0.0178271615161 -0.0 0.029758820244 0.0346899851547 -0.0832403047923
-1.0 0.0 -1.5 0.0313059095928 -0.0 0.0405556643891 0.0512330156196 -0.100677006176
-1.0 0.0 -1.0 0.0590956810331 -0.0 0.0531298516691 0.0794674817466 -0.12415719143
-1.0 0.0 -0.5 0.110678800355 -0.0 0.0515330175447 0.122087873048 -0.151670839659
-1.0 0.0 0.0 0.150075 -0.0 -0.0 0.150075 -0.16675
-1.0 0.0 0.5 0.110678800355 -0.0 -0.0515330175447 0.122087873048 -0.151670839659
-1.0 0.0 1.0 0.0590956810331 -0.0 -0.0531298516691 0.0794674817466 -0.12415719143
-1.0 0.0 1.5 0.0313059095928 -0.0 -0.0405556643891 0.0512330156196 -0.100677006176
-1.0 0.0 2.0 0.0178271615161 -0.0 -0.029758820244 0.0346899851547 -0.0832403047923
-1.0 0.5 -2.0 0.0167191912472 -0.00695220415061 0.0278088166025 0.0331842549915 -0.0814424924195
-1.0 0.5 -1.5 0.0284227557238 -0.0121989245983 0.0365967737948 0.0479164967049 -0.0974671917697
-1.0 0.5 -1.0 0.0506155512812 -0.0225353693018 0.0450707386035 0.0714223240964 -0.118043599891
-1.0 0.5 -0.5 0.0865882877246 -0.0398005125804 0.0398005125804 0.103274842892 -0.140363325433
-1.0 0.5 0.0 0.110678800355 -0.0515330175447 -0.0 0.122087873048 -0.151670839659
-1.0 0.5 0.5 0.0865882877246 -0.0398005125804 -0.0398005125804 0.103274842892 -0.140363325433
-1.0 0.5 1.0 0.0506155512812 -0.0225353693018 -0.0450707386035 0.0714223240964 -0.118043599891
-1.0 0.5 1.5 0.0284227557238 -0.0121989245983 -0.0365967737948 0.0479164967049 -0.0974671917697
-1.0 0.5 2.0 0.0167191912472 -0.00695220415061 -0.0278088166025 0.0331842549915 -0.0814424924195
-1.0 1.0 -2.0 0.0140174610654 -0.011547090695 0.02309418139 0.0293796823045 -0.0766936552812
-1.0 1.0 -1.5 0.0220591189766 -0.0186423247542 0.0279634871312 0.0402007165956 -0.0894802628725
-1.0 1.0 -1.0 0.0347495622946 -0.0302112021323 0.0302112021323 0.0550723664665 -0.104248686884
-1.0 1.0 -0.5 0.0506155512812 -0.0450707386035 0.0225353693018 0.0714223240964 -0.118043599891
-1.0 1.0 0.0 0.0590956810331 -0.0531298516691 -0.0 0.0794674817466 -0.12415719143
-1.0 1.0 0.5 0.0506155512812 -0.0450707386035 -0.0225353693018 0.0714223240964 -0.118043599891
-1.0 1.0 1.0 0.0347495622946 -0.0302112021323 -0.0302112021323 0.0550723664665 -0.104248686884
-1.0 1.0 1.5 0.0220591189766 -0.0186423247542 -0.0279634871312 0.0402007165956 -0.0894802628725
-1.0 1.0 2.0 0.0140174610654 -0.011547090695 -0.02309418139 0.0293796823045 -0.0766936552812
-1.0 1.5 -2.0 0.0108986771934 -0.0132991992287 0.0177322656383 0.0246998605129 -0.0703770960616
-1.0 1.5 -1.5 0.0157252108746 -0.0195505378547 0.0195505378547 0.0318076927466 -0.0797598623817
-1.0 1.5 -1.0 0.0220591189766 -0.0279634871312 0.0186423247542 0.0402007165956 -0.0894802628725
-1.0 1.5 -0.5 0.0284227557238 -0.0365967737948 0.0121989245983 0.0479164967049 -0.0974671917697
-1.0 1.5 0.0 0.0313059095928 -0.0405556643891 -0.0 0.0512330156196 -0.100677006176
-1.0 1.5 0.5 0.0284227557238 -0.0365967737948 -0.0121989245983 0.0479164967049 -0.0974671917697
-1.0 1.5 1.0 0.0220591189766 -0.0279634871312 -0.0186423247542 0.0402007165956 -0.0894802628725
-1.0 1.5 1.5 0.0157252108746 -0.0195505378547 -0.0195505378547 0.0318076927466 -0.0797598623817
-1.0 1.5 2.0 0.0108986771934 -0.0132991992287 -0.0177322656383 0.0246998605129 -0.0703770960616
-1.0 2.0 -2.0 0.00814984598699 -0.0130905867277 0.0130905867277 0.0202273802398 -0.0637212981441
-1.0 2.0 -1.5 0.0108986771934 -0.0177322656383 0.0132991992287 0.0246998605129 -0.0703770960616
-1.0 2.0 -1.0 0.0140174610654 -0.02309418139 0.011547090695 0.0293796823045 -0.0766936552812
-1.0 2.0 -0.5 0.0167191912472 -0.0278088166025 0.00695220415061 0.0331842549915 -0.0814424924195
-1.0 2.0 0.0 0.0178271615161 -0.029758820244 -0.0 0.0346899851547 -0.0832403047923
-1.0 2.0 0.5 0.0167191912472 -0.0278088166025 -0.00695220415061 0.0331842549915 -0.0814424924195
-1.0 2.0 1.0 0.0140174610654 -0.02309418139 -0.011547090695 0.0293796823045 -0.0766936552812
-1.0 2.0 1.5 0.0108986771934 -0.0177322656383 -0.0132991992287 0.0246998605129 -0.0703770960616
-1.0 2.0 2.0 0.00814984598699 -0.0130905867277 -0.0130905867277 0.0202273802398 -0.0637212981441
-0.5 -2.0 -2.0 0.00586359950736 0.0153242205325 0.0153242205325 0.0224509525196 -0.0672774984449
-0.5 -2.0 -1.5 0.00806218498459 0.0214826640523 0.0161119980392 0.0280374778167 -0.0752016961129
-0.5 -2.0 -1.0 0.0106700040113 0.0290128391554 0.0145064195777 0.0341471818811 -0.0829922912278
-0.5 -2.0 -0.5 0.0130246223547 0.0359988633095 0.00899971582737 0.0393262486392 -0.089047255501
-0.5 -2.0 0.0 0.0140159652658 0.0389886610634 -0.0 0.0414314249556 -0.0913885047597
-0.5 -2.0 0.5 0.0130246223547 0.0359988633095 -0.00899971582737 0.0393262486392 -0.089047255501
-0.5 -2.0 1.0 0.0106700040113 0.0290128391554 -0.0145064195777 0.0341471818811 -0.0829922912278
-0.5 -2.0 1.5 0.00806218498459 0.0214826640523 -0.0161119980392 0.0280374778167 -0.0752016961129
-0.5 -2.0 2.0 0.00586359950736 0.0153242205325 -0.0153242205325 0.0224509525196 -0.0672774984449
-0.5 -1.5 -2.0 0.00806218498459 0.0161119980392 0.0214826640523 0.0280374778167 -0.0752016961129
-0.5 -1.5 -1.5 0.0121480357614 0.0250339552975 0.0250339552975 0.0374295686395 -0.0868809597666
-0.5 -1.5 -1.0 0.0179431010333 0.0383160437025 0.025544029135 0.0494223785764 -0.0997462749041
-0.5 -1.5 -0.5 0.0242904808764 0.0535425633248 0.0178475211083 0.0614440197115 -0.111047285632
-0.5 -1.5 0.0 0.0273548074402 0.0611026346296 -0.0 0.0669463774133 -0.11581224951
-0.5 -1.5 0.5 0.0242904808764 0.0535425633248 -0.0178475211083 0.0614440197115 -0.111047285632
-0.5 -1.5 1.0 0.0179431010333 0.0383160437025 -0.025544029135 0.0494223785764 -0.0997462749041
-0.5 -1.5 1.5 0.0121480357614 0.0250339552975 -0.0250339552975 0.0374295686395 -0.0868809597666
-0.5 -1.5 2.0 0.00806218498459 0.0161119980392 -0.0214826640523 0.0280374778167 -0.0752016961129
-0.5 -1.0 -2.0 0.0106700040113 0.0145064195777 0.0290128391554 0.0341471818811 -0.0829922912278
-0.5 -1.0 -1.5 0.0179431010333 0.025544029135 0.0383160437025 0.0494223785764 -0.0997462749041
-0.5 -1.0 -1.0 0.0311821108617 0.0471386911918 0.0471386911918 0.0735964432044 -0.121287585713
-0.5 -1.0 -0.5 0.0515865883005 0.0828002339318 0.0414001169659 0.105976528139 -0.144573293567
-0.5 -1.0 0.0 0.0648028671063 0.10683742462 -0.0 0.124954579286 -0.156315090368
-0.5 -1.0 0.5 0.0515865883005 0.0828002339318 -0.0414001169659 0.105976528139 -0.144573293567
-0.5 -1.0 1.0 0.0311821108617 0.0471386911918 -0.0471386911918 0.0735964432044 -0.121287585713
-0.5 -1.0 1.5 0.0179431010333 0.025544029135 -0.0383160437025 0.0494223785764 -0.0997462749041
-0.5 -1.0 2.0 0.0106700040113 0.0145064195777 -0.0290128391554 0.0341471818811 -0.0829922912278
-0.5 -0.5 -2.0 0.0130246223547 0.00899971582737 0.0359988633095 0.0393262486392 -0.089047255501
-0.5 -0.5 -1.5 0.0242904808764 0.0178475211083 0.0535425633248 0.0614440197115 -0.111047285632
-0.5 -0.5 -1.0 0.0515865883005 0.0414001169659 0.0828002339318 0.105976528139 -0.144573293567
-0.5 -0.5 -0.5 0.124630429716 0.110004388492 0.110004388492 0.199335583844 -0.194258665186
-0.5 -0.5 0.0 0.213966959613 0.197093046018 -0.0 0.290908110225 -0.230840873207
-0.5 -0.5 0.5 0.124630429716 0.110004388492 -0.110004388492 0.199335583844 -0.194258665186
-0.5 -0.5 1.0 0.0515865883005 0.0414001169659 -0.0828002339318 0.105976528139 -0.144573293567
-0.5 -0.5 1.5 0.0242904808764 0.0178475211083 -0.0535425633248 0.0614440197115 -0.111047285632
-0.5 -0.5 2.0 0.0130246223547 0.00899971582737 -0.0359988633095 0.0393262486392 -0.089047255501
-0.5 0.0 -2.0 0.0140159652658 -0.0 0.0389886610634 0.0414314249556 -0.0913885047597
-0.5 0.0 -1.5 0.0273548074402 -0.0 0.0611026346296 0.0669463774133 -0.11581224951
-0.5 0.0 -1.0 0.0648028671063 -0.0 0.10683742462 0.124954579286 -0.156315090368
-0.5 0.0 -0.5 0.213966959613 -0.0 0.197093046018 0.290908110225 -0.230840873207
-0.5 0.0 0.0 0.563244444444 -0.0 -0.0 0.563244444444 -0.311266666667
-0.5 0.0 0.5 0.213966959613 -0.0 -0.197093046018 0.290908110225 -0.230840873207
-0.5 0.0 1.0 0.0648028671063 -0.0 -0.10683742462 0.124954579286 -0.156315090368
-0.5 0.0 1.5 0.0273548074402 -0.0 -0.0611026346296 0.0669463774133 -0.11581224951
-0.5 0.0 2.0 0.0140159652658 -0.0 -0.0389886610634 0.0414314249556 -0.0913885047597
-0.5 0.5 -2.0 0.0130246223547 -0.00899971582737 0.0359988633095 0.0393262486392 -0.089047255501
-0.5 0.5 -1.5 0.0242904808764 -0.0178475211083 0.0535425633248 0.0614440197115 -0.111047285632
-0.5 0.5 -1.0 0.0515865883005 -0.0414001169659 0.0828002339318 0.105976528139 -0.144573293567
-0.5 0.5 -0.5 0.124630429716 -0.110004388492 0.110004388492 0.199335583844 -0.194258665186
-0.5 0.5 0.0 0.213966959613 -0.197093046018 -0.0 0.290908110225 -0.230840873207
-0.5 0.5 0.5 0.124630429716 -0.110004388492 -0.110004388492 0.199335583844 -0.194258665186
-0.5 0.5 1.0 0.0515865883005 -0.0414001169659 -0.0828002339318 0.105976528139 -0.144573293567
-0.5 0.5 1.5 0.0242904808764 -0.0178475211083 -0.0535425633248 0.0614440197115 -0.111047285632
-0.5 0.5 2.0 0.0130246223547 -0.00899971582737 -0.0359988633095 0.0393262486392 -0.089047255501
-0.5 1.0 -2.0 0.0106700040113 -0.0145064195777 0.0290128391554 0.0341471818811 -0.0829922912278
-0.5 1.0 -1.5 0.0179431010333 -0.025544029135 0.0383160437025 0.0494223785764 -0.0997462749041
-0.5 1.0 -1.0 0.0311821108617 -0.0471386911918 0.0471386911918 0.0735964432044 -0.121287585713
-0.5 1.0 -0.5 0.0515865883005 -0.0828002339318 0.0414001169659 0.105976528139 -0.144573293567
-0.5 1.0 0.0 0.0648028671063 -0.10683742462 -0.0 0.124954579286 -0.156315090368
-0.5 1.0 0.5 0.0515865883005 -0.0828002339318 -0.0414001169659 0.105976528139 -0.144573293567
-0.5 1.0 1.0 0.0311821108617 -0.0471386911918 -0.0471386911918 0.0735964432044 -0.121287585713
-0.5 1.0 1.5 0.0179431010333 -0.025544029135 -0.0383160437025 0.0494223785764 -0.0997462749041
-0.5 1.0 2.0 0.0106700040113 -0.0145064195777 -0.0290128391554 0.0341471818811 -0.0829922912278
-0.5 1.5 -2.0 0.00806218498459 -0.0161119980392 0.0214826640523 0.0280374778167 -0.0752016961129
-0.5 1.5 -1.5 0.0121480357614 -0.0250339552975 0.0250339552975 0.0374295686395 -0.0868809597666
-0.5 1.5 -1.0 0.0179431010333 -0.0383160437025 0.025544029135 0.0494223785764 -0.0997462749041
-0.5 1.5 -0.5 0.0242904808764 -0.0535425633248 0.0178475211083 0.0614440197115 -0.111047285632
-0.5 1.5 0.0 0.0273548074402 -0.0611026346296 -0.0 0.0669463774133 -0.11581224951
-0.5 1.5 0.5 0.0242904808764 -0.0535425633248 -0.0178475211083 0.0614440197115 -0.111047285632
-0.5 1.5 1.0 0.0179431010333 -0.0383160437025 -0.025544029135 0.0494223785764 -0.0997462749041
-0.5 1.5 1.5 0.0121480357614 -0.0250339552975 -0.0250339552975 0.0374295686395 -0.0868809597666
-0.5 1.5 2.0 0.00806218498459 -0.0161119980392 -0.0214826640523 0.0280374778167 -0.0752016961129
-0.5 2.0 -2.0 0.00586359950736 -0.0153242205325 0.0153242205325 0.0224509525196 -0.0672774984449
-0.5 2.0 -1.5 0.00806218498459 -0.0214826640523 0.0161119980392 0.0280374778167 -0.0752016961129
-0.5 2.0 -1.0 0.0106700040113 -0.0290128391554 0.0145064195777 0.0341471818811 -0.0829922912278
-0.5 2.0 -0.5 0.0130246223547 -0.0359988633095 0.00899971582737 0.0393262486392 -0.089047255501
-0.5 2.0 0.0 0.0140159652658 -0.0389886610634 -0.0 0.0414314249556 -0.0913885047597
-0.5 2.0 0.5 0.0130246223547 -0.0359988633095 -0.00899971582737 0.0393262486392 -0.089047255501
-0.5 2.0 1.0 0.0106700040113 -0.0290128391554 -0.0145064195777 0.0341471818811 -0.0829922912278
-0.5 2.0 1.5 0.00806218498459 -0.0214826640523 -0.0161119980392 0.0280374778167 -0.0752016961129
-0.5 2.0 2.0 0.00586359950736 -0.0153242205325 -0.0153242205325 0.0224509525196 -0.0672774984449
0.0 -2.0 -2.0 0.00247037037037 0.016731746317 0.016731746317 0.0237908679834 -0.0693973556385
0.0 -2.0 -1.5 0.00341679422246 0.0239087884449 0.0179315913337 0.030080668467 -0.0781317581128
0.0 -2.0 -1.0 0.00453836016232 0.0329400377805 0.0164700188903 0.037106661453 -0.0868884546136
0.0 -2.0 -0.5 0.00554481267762 0.0415406864186 0.0103851716047 0.0431766761692 -0.0938187713172
0.0 -2.0 0.0 0.00596582936397 0.0452816587279 -0.0 0.0456729650576 -0.0965291468198
0.0 -2.0 0.5 0.00554481267762 0.0415406864186 -0.0103851716047 0.0431766761692 -0.0938187713172
0.0 -2.0 1.0 0.00453836016232 0.0329400377805 -0.0164700188903 0.037106661453 -0.0868884546136
0.0 -2.0 1.5 0.00341679422246 0.0239087884449 -0.0179315913337 0.030080668467 -0.0781317581128
0.0 -2.0 2.0 0.00247037037037 0.016731746317 -0.016731746317 0.0237908679834 -0.0693973556385
0.0 -1.5 -2.0 0.00341679422246 0.0179315913337 0.0239087884449 0.030080668467 -0.0781317581128
0.0 -1.5 -1.5 0.00517108646579 0.0287184173899 0.0287184173899 0.0409418505932 -0.0913263386354
0.0 -1.5 -1.0 0.00761276526585 0.0455716122879 0.0303810748586 0.0552967969332 -0.106351258556
0.0 -1.5 -0.5 0.0101864713346 0.0659014477859 0.021967149262 0.0702091209546 -0.120022217644
0.0 -1.5 0.0 0.0113841547964 0.0763651210835 -0.0 0.0772090065894 -0.125931836422
0.0 -1.5 0.5 0.0101864713346 0.0659014477859 -0.021967149262 0.0702091209546 -0.120022217644
0.0 -1.5 1.0 0.00761276526585 0.0455716122879 -0.0303810748586 0.0552967969332 -0.106351258556
0.0 -1.5 1.5 0.00517108646579 0.0287184173899 -0.0287184173899 0.0409418505932 -0.0913263386354
0.0 -1.5 2.0 0.00341679422246 0.0179315913337 -0.0239087884449 0.030080668467 -0.0781317581128
0.0 -1.0 -2.0 0.00453836016232 0.0164700188903 0.0329400377805 0.037106661453 -0.0868884546136
0.0 -1.0 -1.5 0.00761276526585 0.0303810748586 0.0455716122879 0.0552967969332 -0.106351258556
0.0 -1.0 -1.0 0.012836420985 0.0600004432901 0.0600004432901 0.0858188795879 -0.132837307565
0.0 -1.0 -0.5 0.019762962963 0.115216232786 0.0576081163932 0.130322868588 -0.163783253946
0.0 -1.0 0.0 0.0235820111526 0.156982011153 -0.0 0.158743387502 -0.180564022305
0.0 -1.0 0.5 0.019762962963 0.115216232786 -0.0576081163932 0.130322868588 -0.163783253946
0.0 -1.0 1.0 0.012836420985 0.0600004432901 -0.0600004432901 0.0858188795879 -0.132837307565
0.0 -1.0 1.5 0.00761276526585 0.0303810748586 -0.0455716122879 0.0552967969332 -0.106351258556
0.0 -1.0 2.0 0.00453836016232 0.0164700188903 -0.0329400377805 0.037106661453 -0.0868884546136
0.0 -0.5 -2.0 0.00554481267762 0.0103851716047 0.0415406864186 0.0431766761692 -0.0938187713172
0.0 -0.5 -1.5 0.0101864713346 0.021967149262 0.0659014477859 0.0702091209546 -0.120022217644
0.0 -0.5 -1.0 0.019762962963 0.0576081163932 0.115216232786 0.130322868588 -0.163783253946
0.0 -0.5 -0.5 0.0363068812986 0.20680952987 0.20680952987 0.29471775128 -0.243116411168
0.0 -0.5 0.0 0.0477266349118 0.557463317456 -0.0 0.559502620181 -0.32645829364
0.0 -0.5 0.5 0.0363068812986 0.20680952987 -0.20680952987 0.29471775128 -0.243116411168
0.0 -0.5 1.0 0.019762962963 0.0576081163932 -0.115216232786 0.130322868588 -0.163783253946
0.0 -0.5 1.5 0.0101864713346 0.021967149262 -0.0659014477859 0.0702091209546 -0.120022217644
0.0 -0.5 2.0 0.00554481267762 0.0103851716047 -0.0415406864186 0.0431766761692 -0.0938187713172
0.0 0.0 -2.0 0.00596582936397 -0.0 0.0452816587279 0.0456729650576 -0.0965291468198
0.0 0.0 -1.5 0.0113841547964 -0.0 0.0763651210835 0.0772090065894 -0.125931836422
0.0 0.0 -1.0 0.0235820111526 -0.0 0.156982011153 0.158743387502 -0.180564022305
0.0 0.0 -0.5 0.0477266349118 -0.0 0.557463317456 0.559502620181 -0.32645829364
0.0 0.0 0.5 0.0477266349118 -0.0 -0.557463317456 0.559502620181 -0.32645829364
0.0 0.0 1.0 0.0235820111526 -0.0 -0.156982011153 0.158743387502 -0.180564022305
0.0 0.0 1.5 0.0113841547964 -0.0 -0.0763651210835 0.0772090065894 -0.125931836422
0.0 0.0 2.0 0.00596582936397 -0.0 -0.0452816587279 0.0456729650576 -0.0965291468198
0.0 0.5 -2.0 0.00554481267762 -0.0103851716047 0.0415406864186 0.0431766761692 -0.0938187713172
0.0 0.5 -1.5 0.0101864713346 -0.021967149262 0.0659014477859 0.0702091209546 -0.120022217644
0.0 0.5 -1.0 0.019762962963 -0.0576081163932 0.115216232786 0.130322868588 -0.163783253946
0.0 0.5 -0.5 0.0363068812986 -0.20680952987 0.20680952987 0.29471775128 -0.243116411168
0.0 0.5 0.0 0.0477266349118 -0.557463317456 -0.0 0.559502620181 -0.32645829364
0.0 0.5 0.5 0.0363068812986 -0.20680952987 -0.20680952987 0.29471775128 -0.243116411168
0.0 0.5 1.0 0.019762962963 -0.0576081163932 -0.115216232786 0.130322868588 -0.163783253946
0.0 0.5 1.5 0.0101864713346 -0.021967149262 -0.0659014477859 0.0702091209546 -0.120022217644
0.0 0.5 2.0 0.00554481267762 -0.0103851716047 -0.0415406864186 0.0431766761692 -0.0938187713172
0.0 1.0 -2.0 0.00453836016232 -0.0164700188903 0.0329400377805 0.037106661453 -0.0868884546136
0.0 1.0 -1.5 0.00761276526585 -0.0303810748586 0.0455716122879 0.0552967969332 -0.106351258556
0.0 1.0 -1.0 0.012836420985 -0.0600004432901 0.0600004432901 0.0858188795879 -0.132837307565
0.0 1.0 -0.5 0.019762962963 -0.115216232786 0.0576081163932 0.130322868588 -0.163783253946
0.0 1.0 0.0 0.0235820111526 -0.156982011153 -0.0 0.158743387502 -0.180564022305
0.0 1.0 0.5 0.019762962963 -0.115216232786 -0.0576081163932 0.130322868588 -0.163783253946
0.0 1.0 1.0 0.012836420985 -0.0600004432901 -0.0600004432901 0.0858188795879 -0.132837307565
0.0 1.0 1.5 0.00761276526585 -0.0303810748586 -0.0455716122879 0.0552967969332 -0.106351258556
0.0 1.0 2.0 0.00453836016232 -0.0164700188903 -0.0329400377805 0.037106661453 -0.0868884546136
0.0 1.5 -2.0 0.00341679422246 -0.0179315913337 0.0239087884449 0.030080668467 -0.0781317581128
0.0 1.5 -1.5 0.00517108646579 -0.0287184173899 0.0287184173899 0.0409418505932 -0.0913263386354
0.0 1.5 -1.0 0.00761276526585 -0.0455716122879 0.0303810748586 0.0552967969332 -0.106351258556
0.0 1.5 -0.5 0.0101864713346 -0.0659014477859 0.021967149262 0.0702091209546 -0.120022217644
0.0 1.5 0.0 0.0113841547964 -0.0763651210835 -0.0 0.0772090065894 -0.125931836422
0.0 1.5 0.5 0.0101864713346 -0.0659014477859 -0.021967149262 0.0702091209546 -0.120022217644
0.0 1.5 1.0 0.00761276526585 -0.0455716122879 -0.0303810748586 0.0552967969332 -0.106351258556
0.0 1.5 1.5 0.00517108646579 -0.0287184173899 -0.0287184173899 0.0409418505932 -0.0913263386354
0.0 1.5 2.0 0.00341679422246 -0.0179315913337 -0.0239087884449 0.030080668467 -0.0781317581128
0.0 2.0 -2.0 0.00247037037037 -0.016731746317 0.016731746317 0.0237908679834 -0.0693973556385
0.0 2.0 -1.5 0.00341679422246 -0.0239087884449 0.0179315913337 0.030080668467 -0.0781317581128
0.0 2.0 -1.0 0.00453836016232 -0.0329400377805 0.0164700188903 0.037106661453 -0.0868884546136
0.0 2.0 -0.5 0.00554481267762 -0.0415406864186 0.0103851716047 0.0431766761692 -0.0938187713172
0.0 2.0 0.0 0.00596582936397 -0.0452816587279 -0.0 0.0456729650576 -0.0965291468198
0.0 2.0 0.5 0.00554481267762 -0.0415406864186 -0.0103851716047 0.0431766761692 -0.0938187713172
0.0 2.0 1.0 0.00453836016232 -0.0329400377805 -0.0164700188903 0.037106661453 -0.0868884546136
0.0 2.0 1.5 0.00341679422246 -0.0239087884449 -0.0179315913337 0.030080668467 -0.0781317581128
0.0 2.0 2.0 0.00247037037037 -0.016731746317 -0.016731746317 0.0237908679834 -0.0693973556385
0.5 -2.0 -2.0 -0.001407391473 0.016888697676 0.016888697676 0.023925655041 -0.0696658779135
0.5 -2.0 -1.5 -0.00201245326365 0.0241494391638 0.0181120793728 0.0302538063601 -0.0784856772823
0.5 -2.0 -1.0 -0.00277240633881 0.0332688760657 0.0166344380328 0.037298912588 -0.0873307996724
0.5 -2.0 -0.5 -0.00349363128186 0.0419235753823 0.0104808938456 0.0433548240473 -0.0943280446103
0.5 -2.0 0.0 -0.00380638263292 0.0456765915951 -0.0 0.0458349164774 -0.0970627571395
0.5 -2.0 0.5 -0.00349363128186 0.0419235753823 -0.0104808938456 0.0433548240473 -0.0943280446103
0.5 -2.0 1.0 -0.00277240633881 0.0332688760657 -0.0166344380328 0.037298912588 -0.0873307996724
0.5 -2.0 1.5 -0.00201245326365 0.0241494391638 -0.0181120793728 0.0302538063601 -0.0784856772823
0.5 -2.0 2.0 -0.001407391473 0.016888697676 -0.016888697676 0.023925655041 -0.0696658779135
0.5 -1.5 -2.0 -0.00201245326365 0.0181120793728 0.0241494391638 0.0302538063601 -0.0784856772823
0.5 -1.5 -1.5 -0.00322147988404 0.0289933189563 0.0289933189563 0.0411291018726 -0.091812176695
0.5 -1.5 -1.0 -0.0050932356673 0.0458391210057 0.0305594140038 0.0553267010439 -0.106957949013
0.5 -1.5 -0.5 -0.00731302061212 0.0658171855091 0.0219390618364 0.0697617704267 -0.1206648401
0.5 -1.5 0.0 -0.00843695679733 0.075932611176 -0.0 0.0763998931936 -0.12655435196
0.5 -1.5 0.5 -0.00731302061212 0.0658171855091 -0.0219390618364 0.0697617704267 -0.1206648401
0.5 -1.5 1.0 -0.0050932356673 0.0458391210057 -0.0305594140038 0.0553267010439 -0.106957949013
0.5 -1.5 1.5 -0.00322147988404 0.0289933189563 -0.0289933189563 0.0411291018726 -0.091812176695
0.5 -1.5 2.0 -0.00201245326365 0.0181120793728 -0.0241494391638 0.0302538063601 -0.0784856772823
0.5 -1.0 -2.0 -0.00277240633881 0.0166344380328 0.0332688760657 0.037298912588 -0.0873307996724
0.5 -1.0 -1.5 -0.0050932356673 0.0305594140038 0.0458391210057 0.0553267010439 -0.106957949013
0.5 -1.0 -1.0 -0.00988148148148 0.0592888888889 0.0592888888889 0.0844274147871 -0.1334
0.5 -1.0 -0.5 -0.0181534406493 0.108920643896 0.0544603219479 0.123122624813 -0.163380965844
0.5 -1.0 0.0 -0.0238633174559 0.143179904735 -0.0 0.145154893269 -0.178974880919
0.5 -1.0 0.5 -0.0181534406493 0.108920643896 -0.0544603219479 0.123122624813 -0.163380965844
0.5 -1.0 1.0 -0.00988148148148 0.0592888888889 -0.0592888888889 0.0844274147871 -0.1334
0.5 -1.0 1.5 -0.0050932356673 0.0305594140038 -0.0458391210057 0.0553267010439 -0.106957949013
0.5 -1.0 2.0 -0.00277240633881 0.0166344380328 -0.0332688760657 0.037298912588 -0.0873307996724
0.5 -0.5 -2.0 -0.00349363128186 0.0104808938456 0.0419235753823 0.0433548240473 -0.0943280446103
0.5 -0.5 -1.5 -0.00731302061212 0.0219390618364 0.0658171855091 0.0697617704267 -0.1206648401
0.5 -0.5 -1.0 -0.0181534406493 0.0544603219479 0.108920643896 0.123122624813 -0.163380965844
0.5 -0.5 -0.5 -0.0513456839399 0.15403705182 0.15403705182 0.223810647481 -0.23105557773
0.5 -0.5 0.0 -0.0943280446103 0.282984133831 -0.0 0.298291468198 -0.282984133831
0.5 -0.5 0.5 -0.0513456839399 0.15403705182 -0.15403705182 0.223810647481 -0.23105557773
0.5 -0.5 1.0 -0.0181534406493 0.0544603219479 -0.108920643896 0.123122624813 -0.163380965844
0.5 -0.5 1.5 -0.00731302061212 0.0219390618364 -0.0658171855091 0.0697617704267 -0.1206648401
0.5 -0.5 2.0 -0.00349363128186 0.0104808938456 -0.0419235753823 0.0433548240473 -0.0943280446103
0.5 0.0 -2.0 -0.00380638263292 -0.0 0.0456765915951 0.0458349164774 -0.0970627571395
0.5 0.0 -1.5 -0.00843695679733 -0.0 0.075932611176 0.0763998931936 -0.12655435196
0.5 0.0 -1.0 -0.0238633174559 -0.0 0.143179904735 0.145154893269 -0.178974880919
0.5 0.0 -0.5 -0.0943280446103 -0.0 0.282984133831 0.298291468198 -0.282984133831
0.5 0.0 0.0 -0.2668 -0.0 -0.0 0.2668 -0.4002
0.5 0.0 0.5 -0.0943280446103 -0.0 -0.282984133831 0.298291468198 -0.282984133831
0.5 0.0 1.0 -0.0238633174559 -0.0 -0.143179904735 0.145154893269 -0.178974880919
0.5 0.0 1.5 -0.00843695679733 -0.0 -0.075932611176 0.0763998931936 -0.12655435196
0.5 0.0 2.0 -0.00380638263292 -0.0 -0.0456765915951 0.0458349164774 -0.0970627571395
0.5 0.5 -2.0 -0.00349363128186 -0.0104808938456 0.0419235753823 0.0433548240473 -0.0943280446103
0.5 0.5 -1.5 -0.00731302061212 -0.0219390618364 0.0658171855091 0.0697617704267 -0.1206648401
0.5 0.5 -1.0 -0.0181534406493 -0.0544603219479 0.108920643896 0.123122624813 -0.163380965844
0.5 0.5 -0.5 -0.0513456839399 -0.15403705182 0.15403705182 0.223810647481 -0.23105557773
0.5 0.5 0.0 -0.0943280446103 -0.282984133831 -0.0 0.298291468198 -0.282984133831
0.5 0.5 0.5 -0.0513456839399 -0.15403705182 -0.15403705182 0.223810647481 -0.23105557773
0.5 0.5 1.0 -0.0181534406493 -0.0544603219479 -0.108920643896 0.123122624813 -0.163380965844
0.5 0.5 1.5 -0.00731302061212 -0.0219390618364 -0.0658171855091 0.0697617704267 -0.1206648401
0.5 0.5 2.0 -0.00349363128186 -0.0104808938456 -0.0419235753823 0.0433548240473 -0.0943280446103
0.5 1.0 -2.0 -0.00277240633881 -0.0166344380328 0.0332688760657 0.037298912588 -0.0873307996724
0.5 1.0 -1.5 -0.0050932356673 -0.0305594140038 0.0458391210057 0.0553267010439 -0.106957949013
0.5 1.0 -1.0 -0.00988148148148 -0.0592888888889 0.0592888888889 0.0844274147871 -0.1334
0.5 1.0 -0.5 -0.0181534406493 -0.108920643896 0.0544603219479 0.123122624813 -0.163380965844
0.5 1.0 0.0 -0.0238633174559 -0.143179904735 -0.0 0.145154893269 -0.178974880919
0.5 1.0 0.5 -0.0181534406493 -0.108920643896 -0.0544603219479 0.123122624813 -0.163380965844
0.5 1.0 1.0 -0.00988148148148 -0.0592888888889 -0.0592888888889 0.0844274147871 -0.1334
0.5 1.0 1.5 -0.0050932356673 -0.0305594140038 -0.0458391210057 0.0553267010439 -0.106957949013
0.5 1.0 2.0 -0.00277240633881 -0.0166344380328 -0.0332688760657 0.037298912588 -0.0873307996724
0.5 1.5 -2.0 -0.00201245326365 -0.0181120793728 0.0241494391638 0.0302538063601 -0.0784856772823
0.5 1.5 -1.5 -0.00322147988404 -0.0289933189563 0.0289933189563 0.0411291018726 -0.091812176695
0.5 1.5 -1.0 -0.0050932356673 -0.0458391210057 0.0305594140038 0.0553267010439 -0.106957949013
0.5 1.5 -0.5 -0.00731302061212 -0.0658171855091 0.0219390618364 0.0697617704267 -0.1206648401
0.5 1.5 0.0 -0.00843695679733 -0.075932611176 -0.0 0.0763998931936 -0.12655435196
0.5 1.5 0.5 -0.00731302061212 -0.0658171855091 -0.0219390618364 0.0697617704267 -0.1206648401
0.5 1.5 1.0 -0.0050932356673 -0.0458391210057 -0.0305594140038 0.0553267010439 -0.106957949013
0.5 1.5 1.5 -0.00322147988404 -0.0289933189563 -0.0289933189563 0.0411291018726 -0.091812176695
0.5 1.5 2.0 -0.00201245326365 -0.0181120793728 -0.0241494391638 0.0302538063601 -0.0784856772823
0.5 2.0 -2.0 -0.001407391473 -0.016888697676 0.016888697676 0.023925655041 -0.0696658779135
0.5 2.0 -1.5 -0.00201245326365 -0.0241494391638 0.0181120793728 0.0302538063601 -0.0784856772823
0.5 2.0 -1.0 -0.00277240633881 -0.0332688760657 0.0166344380328 0.037298912588 -0.0873307996724
0.5 2.0 -0.5 -0.00349363128186 -0.0419235753823 0.0104808938456 0.0433548240473 -0.0943280446103
0.5 2.0 0.0 -0.00380638263292 -0.0456765915951 -0.0 0.0458349164774 -0.0970627571395
0.5 2.0 0.5 -0.00349363128186 -0.0419235753823 -0.0104808938456 0.0433548240473 -0.0943280446103
0.5 2.0 1.0 -0.00277240633881 -0.0332688760657 -0.0166344380328 0.037298912588 -0.0873307996724
0.5 2.0 1.5 -0.00201245326365 -0.0241494391638 -0.0181120793728 0.0302538063601 -0.0784856772823
0.5 2.0 2.0 -0.001407391473 -0.016888697676 -0.016888697676 0.023925655041 -0.0696658779135
1.0 -2.0 -2.0 -0.00494074074074 0.0157769842696 0.0157769842696 0.0228525137426 -0.0680486778192
1.0 -2.0 -1.5 -0.00683358844492 0.0222047768898 0.0166535826674 0.0285848187579 -0.0762235162256
1.0 -2.0 -1.0 -0.00907672032465 0.0300850993772 0.0150425496886 0.0348393220015 -0.0842894687677
1.0 -2.0 -0.5 -0.0110896253552 0.0374047812422 0.00935119531054 0.0401191014858 -0.0905747854948
1.0 -2.0 0.0 -0.0119316587279 0.0405383174559 -0.0 0.0422577763513 -0.0930082936397
1.0 -2.0 0.5 -0.0110896253552 0.0374047812422 -0.00935119531054 0.0401191014858 -0.0905747854948
1.0 -2.0 1.0 -0.00907672032465 0.0300850993772 -0.0150425496886 0.0348393220015 -0.0842894687677
1.0 -2.0 1.5 -0.00683358844492 0.0222047768898 -0.0166535826674 0.0285848187579 -0.0762235162256
1.0 -2.0 2.0 -0.00494074074074 0.0157769842696 -0.0157769842696 0.0228525137426 -0.0680486778192
1.0 -1.5 -2.0 -0.00683358844492 0.0166535826674 0.0222047768898 0.0285848187579 -0.0762235162256
1.0 -1.5 -1.5 -0.0103421729316 0.025994153243 0.025994153243 0.038188382351 -0.0883246326604
1.0 -1.5 -1.0 -0.0152255305317 0.0399145279921 0.0266096853281 0.0503295308747 -0.101707007848
1.0 -1.5 -0.5 -0.0203729426692 0.0558702843958 0.0186234281319 0.0623167517354 -0.113490083329
1.0 -1.5 0.0 -0.0227683095928 0.0637969088336 -0.0 0.0677380358324 -0.118463672843
1.0 -1.5 0.5 -0.0203729426692 0.0558702843958 -0.0186234281319 0.0623167517354 -0.113490083329
1.0 -1.5 1.0 -0.0152255305317 0.0399145279921 -0.0266096853281 0.0503295308747 -0.101707007848
1.0 -1.5 1.5 -0.0103421729316 0.025994153243 -0.025994153243 0.038188382351 -0.0883246326604
1.0 -1.5 2.0 -0.00683358844492 0.0166535826674 -0.0222047768898 0.0285848187579 -0.0762235162256
1.0 -1.0 -2.0 -0.00907672032465 0.0150425496886 0.0300850993772 0.0348393220015 -0.0842894687677
1.0 -1.0 -1.5 -0.0152255305317 0.0266096853281 0.0399145279921 0.0503295308747 -0.101707007848
1.0 -1.0 -1.0 -0.02567284197 0.0492548531225 0.0492548531225 0.0742372947181 -0.124182548215
1.0 -1.0 -0.5 -0.0395259259259 0.0872525608377 0.0436262804188 0.105254741158 -0.148591626973
1.0 -1.0 0.0 -0.0471640223051 0.113864022305 -0.0 0.123245529637 -0.16102804461
1.0 -1.0 0.5 -0.0395259259259 0.0872525608377 -0.0436262804188 0.105254741158 -0.148591626973
1.0 -1.0 1.0 -0.02567284197 0.0492548531225 -0.0492548531225 0.0742372947181 -0.124182548215
1.0 -1.0 1.5 -0.0152255305317 0.0266096853281 -0.0399145279921 0.0503295308747 -0.101707007848
1.0 -1.0 2.0 -0.00907672032465 0.0150425496886 -0.0300850993772 0.0348393220015 -0.0842894687677
1.0 -0.5 -2.0 -0.0110896253552 0.00935119531054 0.0374047812422 0.0401191014858 -0.0905747854948
1.0 -0.5 -1.5 -0.0203729426692 0.0186234281319 0.0558702843958 0.0623167517354 -0.113490083329
1.0 -0.5 -1.0 -0.0395259259259 0.0436262804188 0.0872525608377 0.105254741158 -0.148591626973
1.0 -0.5 -0.5 -0.0726137625972 0.130634925909 0.130634925909 0.198503718486 -0.203248688506
1.0 -0.5 0.0 -0.0954532698235 0.314526634912 -0.0 0.328691847768 -0.252716587279
1.0 -0.5 0.5 -0.0726137625972 0.130634925909 -0.130634925909 0.198503718486 -0.203248688506
1.0 -0.5 1.0 -0.0395259259259 0.0436262804188 -0.0872525608377 0.105254741158 -0.148591626973
1.0 -0.5 1.5 -0.0203729426692 0.0186234281319 -0.0558702843958 0.0623167517354 -0.113490083329
1.0 -0.5 2.0 -0.0110896253552 0.00935119531054 -0.0374047812422 0.0401191014858 -0.0905747854948
1.0 0.0 -2.0 -0.0119316587279 -0.0 0.0405383174559 0.0422577763513 -0.0930082936397
1.0 0.0 -1.5 -0.0227683095928 -0.0 0.0637969088336 0.0677380358324 -0.118463672843
1.0 0.0 -1.0 -0.0471640223051 -0.0 0.113864022305 0.123245529637 -0.16102804461
1.0 0.0 -0.5 -0.0954532698235 -0.0 0.314526634912 0.328691847768 -0.252716587279
1.0 0.0 0.5 -0.0954532698235 -0.0 -0.314526634912 0.328691847768 -0.252716587279
1.0 0.0 1.0 -0.0471640223051 -0.0 -0.113864022305 0.123245529637 -0.16102804461
1.0 0.0 1.5 -0.0227683095928 -0.0 -0.0637969088336 0.0677380358324 -0.118463672843
1.0 0.0 2.0 -0.0119316587279 -0.0 -0.0405383174559 0.0422577763513 -0.0930082936397
1.0 0.5 -2.0 -0.0110896253552 -0.00935119531054 0.0374047812422 0.0401191014858 -0.0905747854948
1.0 0.5 -1.5 -0.0203729426692 -0.0186234281319 0.0558702843958 0.0623167517354 -0.113490083329
1.0 0.5 -1.0 -0.0395259259259 -0.0436262804188 0.0872525608377 0.105254741158 -0.148591626973
1.0 0.5 -0.5 -0.0726137625972 -0.130634925909 0.130634925909 0.198503718486 -0.203248688506
1.0 0.5 0.0 -0.0954532698235 -0.314526634912 -0.0 0.328691847768 -0.252716587279
1.0 0.5 0.5 -0.0726137625972 -0.130634925909 -0.130634925909 0.198503718486 -0.203248688506
1.0 0.5 1.0 -0.0395259259259 -0.0436262804188 -0.0872525608377 0.105254741158 -0.148591626973
1.0 0.5 1.5 -0.0203729426692 -0.0186234281319 -0.0558702843958 0.0623167517354 -0.113490083329
1.0 0.5 2.0 -0.0110896253552 -0.00935119531054 -0.0374047812422 0.0401191014858 -0.0905747854948
1.0 1.0 -2.0 -0.00907672032465 -0.0150425496886 0.0300850993772 0.0348393220015 -0.0842894687677
1.0 1.0 -1.5 -0.0152255305317 -0.0266096853281 0.0399145279921 0.0503295308747 -0.101707007848
1.0 1.0 -1.0 -0.02567284197 -0.0492548531225 0.0492548531225 0.0742372947181 -0.124182548215
1.0 1.0 -0.5 -0.0395259259259 -0.0872525608377 0.0436262804188 0.105254741158 -0.148591626973
1.0 1.0 0.0 -0.0471640223051 -0.113864022305 -0.0 0.123245529637 -0.16102804461
1.0 1.0 0.5 -0.0395259259259 -0.0872525608377 -0.0436262804188 0.105254741158 -0.148591626973
1.0 1.0 1.0 -0.02567284197 -0.0492548531225 -0.0492548531225 0.0742372947181 -0.124182548215
1.0 1.0 1.5 -0.0152255305317 -0.0266096853281 -0.0399145279921 0.0503295308747 -0.101707007848
1.0 1.0 2.0 -0.00907672032465 -0.0150425496886 -0.0300850993772 0.0348393220015 -0.0842894687677
1.0 1.5 -2.0 -0.00683358844492 -0.0166535826674 0.0222047768898 0.0285848187579 -0.0762235162256
1.0 1.5 -1.5 -0.0103421729316 -0.025994153243 0.025994153243 0.038188382351 -0.0883246326604
1.0 1.5 -1.0 -0.0152255305317 -0.0399145279921 0.0266096853281 0.0503295308747 -0.101707007848
1.0 1.5 -0.5 -0.0203729426692 -0.0558702843958 0.0186234281319 0.0623167517354 -0.113490083329
1.0 1.5 0.0 -0.0227683095928 -0.0637969088336 -0.0 0.0677380358324 -0.118463672843
1.0 1.5 0.5 -0.0203729426692 -0.0558702843958 -0.0186234281319 0.0623167517354 -0.113490083329
1.0 1.5 1.0 -0.0152255305317 -0.0399145279921 -0.0266096853281 0.0503295308747 -0.101707007848
1.0 1.5 1.5 -0.0103421729316 -0.025994153243 -0.025994153243 0.038188382351 -0.0883246326604
1.0 1.5 2.0 -0.00683358844492 -0.0166535826674 -0.0222047768898 0.0285848187579 -0.0762235162256
1.0 2.0 -2.0 -0.00494074074074 -0.0157769842696 0.0157769842696 0.0228525137426 -0.0680486778192
1.0 2.0 -1.5 -0.00683358844492 -0.0222047768898 0.0166535826674 0.0285848187579 -0.0762235162256
1.0 2.0 -1.0 -0.00907672032465 -0.0300850993772 0.0150425496886 0.0348393220015 -0.0842894687677
1.0 2.0 -0.5 -0.0110896253552 -0.0374047812422 0.00935119531054 0.0401191014858 -0.0905747854948
1.0 2.0 0.0 -0.0119316587279 -0.0405383174559 -0.0 0.0422577763513 -0.0930082936397
1.0 2.0 0.5 -0.0110896253552 -0.0374047812422 -0.00935119531054 0.0401191014858 -0.0905747854948
1.0 2.0 1.0 -0.00907672032465 -0.0300850993772 -0.0150425496886 0.0348393220015 -0.0842894687677
1.0 2.0 1.5 -0.00683358844492 -0.0222047768898 -0.0166535826674 0.0285848187579 -0.0762235162256
1.0 2.0 2.0 -0.00494074074074 -0.0157769842696 -0.0157769842696 0.0228525137426 -0.0680486778192
1.5 -2.0 -2.0 -0.00750502459571 0.0137597433889 0.0137597433889 0.0208563292658 -0.0648891189764
1.5 -2.0 -1.5 -0.0100870101782 0.0188158889407 0.0141119167055 0.0255916323057 -0.0719177149435
1.5 -2.0 -1.0 -0.0130227890062 0.0247568022451 0.0123784011225 0.0305894933801 -0.0786537827831
1.5 -2.0 -0.5 -0.0155683508638 0.0300741512366 0.00751853780916 0.034689429687 -0.0837664663916
1.5 -2.0 0.0 -0.0166127826329 0.0323007305317 -0.0 0.0363224687995 -0.0857142523798
1.5 -2.0 0.5 -0.0155683508638 0.0300741512366 -0.00751853780916 0.034689429687 -0.0837664663916
1.5 -2.0 1.0 -0.0130227890062 0.0247568022451 -0.0123784011225 0.0305894933801 -0.0786537827831
1.5 -2.0 1.5 -0.0100870101782 0.0188158889407 -0.0141119167055 0.0255916323057 -0.0719177149435
1.5 -2.0 2.0 -0.00750502459571 0.0137597433889 -0.0137597433889 0.0208563292658 -0.0648891189764
1.5 -1.5 -2.0 -0.0100870101782 0.0141119167055 0.0188158889407 0.0255916323057 -0.0719177149435
1.5 -1.5 -1.5 -0.0146316318707 0.0210745916388 0.0210745916388 0.0332018294177 -0.0819497428383
1.5 -1.5 -1.0 -0.0206064950647 0.0307929663993 0.0205286442662 0.0423587022219 -0.0925346007948
1.5 -1.5 -0.5 -0.0266418999163 0.0412679411406 0.0137559803802 0.0510103988747 -0.101429731163
1.5 -1.5 0.0 -0.0293987444885 0.0462726580832 -0.0 0.0548219396189 -0.10507014706
1.5 -1.5 0.5 -0.0266418999163 0.0412679411406 -0.0137559803802 0.0510103988747 -0.101429731163
1.5 -1.5 1.0 -0.0206064950647 0.0307929663993 -0.0205286442662 0.0423587022219 -0.0925346007948
1.5 -1.5 1.5 -0.0146316318707 0.0210745916388 -0.0210745916388 0.0332018294177 -0.0819497428383
1.5 -1.5 2.0 -0.0100870101782 0.0141119167055 -0.0188158889407 0.0255916323057 -0.0719177149435
1.5 -1.0 -2.0 -0.0130227890062 0.0123784011225 0.0247568022451 0.0305894933801 -0.0786537827831
1.5 -1.0 -1.5 -0.0206064950647 0.0205286442662 0.0307929663993 0.0423587022219 -0.0925346007948
1.5 -1.0 -1.0 -0.032719777279 0.0349884934947 0.0349884934947 0.0593209337354 -0.109175171426
1.5 -1.0 -0.5 -0.0487128546531 0.0566798239678 0.0283399119839 0.0799293141765 -0.12576562129
1.5 -1.0 0.0 -0.058015781845 0.0704949445045 -0.0 0.0912982373531 -0.133655299816
1.5 -1.0 0.5 -0.0487128546531 0.0566798239678 -0.0283399119839 0.0799293141765 -0.12576562129
1.5 -1.0 1.0 -0.032719777279 0.0349884934947 -0.0349884934947 0.0593209337354 -0.109175171426
1.5 -1.0 1.5 -0.0206064950647 0.0205286442662 -0.0307929663993 0.0423587022219 -0.0925346007948
1.5 -1.0 2.0 -0.0130227890062 0.0123784011225 -0.0247568022451 0.0305894933801 -0.0786537827831
1.5 -0.5 -2.0 -0.0155683508638 0.00751853780916 0.0300741512366 0.034689429687 -0.0837664663916
1.5 -0.5 -1.5 -0.0266418999163 0.0137559803802 0.0412679411406 0.0510103988747 -0.101429731163
1.5 -0.5 -1.0 -0.0487128546531 0.0283399119839 0.0566798239678 0.0799293141765 -0.12576562129
1.5 -0.5 -0.5 -0.0952238076127 0.0659717251642 0.0659717251642 0.133312079642 -0.157461752643
1.5 -0.5 0.0 -0.144949785394 0.111201958205 -0.0 0.18269186023 -0.178697612584
1.5 -0.5 0.5 -0.0952238076127 0.0659717251642 -0.0659717251642 0.133312079642 -0.157461752643
1.5 -0.5 1.0 -0.0487128546531 0.0283399119839 -0.0566798239678 0.0799293141765 -0.12576562129
1.5 -0.5 1.5 -0.0266418999163 0.0137559803802 -0.0412679411406 0.0510103988747 -0.101429731163
1.5 -0.5 2.0 -0.0155683508638 0.00751853780916 -0.0300741512366 0.034689429687 -0.0837664663916
1.5 0.0 -2.0 -0.0166127826329 -0.0 0.0323007305317 0.0363224687995 -0.0857142523798
1.5 0.0 -1.5 -0.0293987444885 -0.0 0.0462726580832 0.0548219396189 -0.10507014706
1.5 0.0 -1.0 -0.058015781845 -0.0 0.0704949445045 0.0912982373531 -0.133655299816
1.5 0.0 -0.5 -0.144949785394 -0.0 0.111201958205 0.18269186023 -0.178697612584
1.5 0.0 0.0 -0.326088888889 -0.0 -0.0 0.326088888889 -0.222333333333
1.5 0.0 0.5 -0.144949785394 -0.0 -0.111201958205 0.18269186023 -0.178697612584
1.5 0.0 1.0 -0.058015781845 -0.0 -0.0704949445045 0.0912982373531 -0.133655299816
1.5 0.0 1.5 -0.0293987444885 -0.0 -0.0462726580832 0.0548219396189 -0.10507014706
1.5 0.0 2.0 -0.0166127826329 -0.0 -0.0323007305317 0.0363224687995 -0.0857142523798
1.5 0.5 -2.0 -0.0155683508638 -0.00751853780916 0.0300741512366 0.034689429687 -0.0837664663916
1.5 0.5 -1.5 -0.0266418999163 -0.0137559803802 0.0412679411406 0.0510103988747 -0.101429731163
1.5 0.5 -1.0 -0.0487128546531 -0.0283399119839 0.0566798239678 0.0799293141765 -0.12576562129
1.5 0.5 -0.5 -0.0952238076127 -0.0659717251642 0.0659717251642 0.133312079642 -0.157461752643
1.5 0.5 0.0 -0.144949785394 -0.111201958205 -0.0 0.18269186023 -0.178697612584
1.5 0.5 0.5 -0.0952238076127 -0.0659717251642 -0.0659717251642 0.133312079642 -0.157461752643
1.5 0.5 1.0 -0.0487128546531 -0.0283399119839 -0.0566798239678 0.0799293141765 -0.12576562129
1.5 0.5 1.5 -0.0266418999163 -0.0137559803802 -0.0412679411406 0.0510103988747 -0.101429731163
1.5 0.5 2.0 -0.0155683508638 -0.00751853780916 -0.0300741512366 0.034689429687 -0.0837664663916
1.5 1.0 -2.0 -0.0130227890062 -0.0123784011225 0.0247568022451 0.0305894933801 -0.0786537827831
1.5 1.0 -1.5 -0.0206064950647 -0.0205286442662 0.0307929663993 0.0423587022219 -0.0925346007948
1.5 1.0 -1.0 -0.032719777279 -0.0349884934947 0.0349884934947 0.0593209337354 -0.109175171426
1.5 1.0 -0.5 -0.0487128546531 -0.0566798239678 0.0283399119839 0.0799293141765 -0.12576562129
1.5 1.0 0.0 -0.058015781845 -0.0704949445045 -0.0 0.0912982373531 -0.133655299816
1.5 1.0 0.5 -0.0487128546531 -0.0566798239678 -0.0283399119839 0.0799293141765 -0.12576562129
1.5 1.0 1.0 -0.032719777279 -0.0349884934947 -0.0349884934947 0.0593209337354 -0.109175171426
1.5 1.0 1.5 -0.0206064950647 -0.0205286442662 -0.0307929663993 0.0423587022219 -0.0925346007948
1.5 1.0 2.0 -0.0130227890062 -0.0123784011225 -0.0247568022451 0.0305894933801 -0.0786537827831
1.5 1.5 -2.0 -0.0100870101782 -0.0141119167055 0.0188158889407 0.0255916323057 -0.0719177149435
1.5 1.5 -1.5 -0.0146316318707 -0.0210745916388 0.0210745916388 0.0332018294177 -0.0819497428383
1.5 1.5 -1.0 -0.0206064950647 -0.0307929663993 0.0205286442662 0.0423587022219 -0.0925346007948
1.5 1.5 -0.5 -0.0266418999163 -0.0412679411406 0.0137559803802 0.0510103988747 -0.101429731163
1.5 1.5 0.0 -0.0293987444885 -0.0462726580832 -0.0 0.0548219396189 -0.10507014706
1.5 1.5 0.5 -0.0266418999163 -0.0412679411406 -0.0137559803802 0.0510103988747 -0.101429731163
1.5 1.5 1.0 -0.0206064950647 -0.0307929663993 -0.0205286442662 0.0423587022219 -0.0925346007948
1.5 1.5 1.5 -0.0146316318707 -0.0210745916388 -0.0210745916388 0.0332018294177 -0.0819497428383
1.5 1.5 2.0 -0.0100870101782 -0.0141119167055 -0.0188158889407 0.0255916323057 -0.0719177149435
1.5 2.0 -2.0 -0.00750502459571 -0.0137597433889 0.0137597433889 0.0208563292658 -0.0648891189764
1.5 2.0 -1.5 -0.0100870101782 -0.0188158889407 0.0141119167055 0.0255916323057 -0.0719177149435
1.5 2.0 -1.0 -0.0130227890062 -0.0247568022451 0.0123784011225 0.0305894933801 -0.0786537827831
1.5 2.0 -0.5 -0.0155683508638 -0.0300741512366 0.00751853780916 0.034689429687 -0.0837664663916
1.5 2.0 0.0 -0.0166127826329 -0.0323007305317 -0.0 0.0363224687995 -0.0857142523798
1.5 2.0 0.5 -0.0155683508638 -0.0300741512366 -0.00751853780916 0.034689429687 -0.0837664663916
1.5 2.0 1.0 -0.0130227890062 -0.0247568022451 -0.0123784011225 0.0305894933801 -0.0786537827831
1.5 2.0 1.5 -0.0100870101782 -0.0188158889407 -0.0141119167055 0.0255916323057 -0.0719177149435
1.5 2.0 2.0 -0.00750502459571 -0.0137597433889 -0.0137597433889 0.0208563292658 -0.0648891189764
2.0 -2.0 -2.0 -0.00888858086286 0.0113589512332 0.0113589512332 0.0183591507427 -0.0607425962883
2.0 -2.0 -1.5 -0.0115469717194 0.0149637659419 0.0112228244564 0.0219817796329 -0.0664389177847
2.0 -2.0 -1.0 -0.0144198416438 0.0189582018061 0.00947910090306 0.0256358850576 -0.0716968276406
2.0 -2.0 -0.5 -0.0168039444616 0.0223487571392 0.00558718928481 0.0285141399878 -0.0755541851665
2.0 -2.0 0.0 -0.0177568349403 0.0237226643042 -0.0 0.0296322457601 -0.076993169125
2.0 -2.0 0.5 -0.0168039444616 0.0223487571392 -0.00558718928481 0.0285141399878 -0.0755541851665
2.0 -2.0 1.0 -0.0144198416438 0.0189582018061 -0.00947910090306 0.0256358850576 -0.0716968276406
2.0 -2.0 1.5 -0.0115469717194 0.0149637659419 -0.0112228244564 0.0219817796329 -0.0664389177847
2.0 -2.0 2.0 -0.00888858086286 0.0113589512332 -0.0113589512332 0.0183591507427 -0.0607425962883
2.0 -1.5 -2.0 -0.0115469717194 0.0112228244564 0.0149637659419 0.0219817796329 -0.0664389177847
2.0 -1.5 -1.5 -0.0159371623519 0.0158311866133 0.0158311866133 0.0274817409019 -0.0741967980779
2.0 -1.5 -1.0 -0.0212799421557 0.0216695305661 0.0144463537108 0.0336318543741 -0.0818977686055
2.0 -1.5 -0.5 -0.0262860974438 0.0273544265838 0.0091181421946 0.0390174844094 -0.087976434526
2.0 -1.5 0.0 -0.0284593547964 0.0298826321946 -0.0 0.0412662886907 -0.0903585030882
2.0 -1.5 0.5 -0.0262860974438 0.0273544265838 -0.0091181421946 0.0390174844094 -0.087976434526
2.0 -1.5 1.0 -0.0212799421557 0.0216695305661 -0.0144463537108 0.0336318543741 -0.0818977686055
2.0 -1.5 1.5 -0.0159371623519 0.0158311866133 -0.0158311866133 0.0274817409019 -0.0741967980779
2.0 -1.5 2.0 -0.0115469717194 0.0112228244564 -0.0149637659419 0.0219817796329 -0.0664389177847
2.0 -1.0 -2.0 -0.0144198416438 0.00947910090306 0.0189582018061 0.0256358850576 -0.0716968276406
2.0 -1.0 -1.5 -0.0212799421557 0.0144463537108 0.0216695305661 0.0336318543741 -0.0818977686055
2.0 -1.0 -1.0 -0.0309898616343 0.0219131413096 0.0219131413096 0.0438262826193 -0.0929695849028
2.0 -1.0 -0.5 -0.0419422136734 0.0308525883182 0.0154262941591 0.0543047147607 -0.102687199782
2.0 -1.0 0.0 -0.0474453286084 0.0355136698805 -0.0 0.0592644915202 -0.106822315945
2.0 -1.0 0.5 -0.0419422136734 0.0308525883182 -0.0154262941591 0.0543047147607 -0.102687199782
2.0 -1.0 1.0 -0.0309898616343 0.0219131413096 -0.0219131413096 0.0438262826193 -0.0929695849028
2.0 -1.0 1.5 -0.0212799421557 0.0144463537108 -0.0216695305661 0.0336318543741 -0.0818977686055
2.0 -1.0 2.0 -0.0144198416438 0.00947910090306 -0.0189582018061 0.0256358850576 -0.0716968276406
2.0 -0.5 -2.0 -0.0168039444616 0.00558718928481 0.0223487571392 0.0285141399878 -0.0755541851665
2.0 -0.5 -1.5 -0.0262860974438 0.0091181421946 0.0273544265838 0.0390174844094 -0.087976434526
2.0 -0.5 -1.0 -0.0419422136734 0.0154262941591 0.0308525883182 0.0543047147607 -0.102687199782
2.0 -0.5 -0.5 -0.0642559315535 0.025140703213 0.025140703213 0.0734366029708 -0.117345685021
2.0 -0.5 0.0 -0.0781776959751 0.0314760827217 -0.0 0.0842763070589 -0.124366798399
2.0 -0.5 0.5 -0.0642559315535 0.025140703213 -0.025140703213 0.0734366029708 -0.117345685021
2.0 -0.5 1.0 -0.0419422136734 0.0154262941591 -0.0308525883182 0.0543047147607 -0.102687199782
2.0 -0.5 1.5 -0.0262860974438 0.0091181421946 -0.0273544265838 0.0390174844094 -0.087976434526
2.0 -0.5 2.0 -0.0168039444616 0.00558718928481 -0.0223487571392 0.0285141399878 -0.0755541851665
2.0 0.0 -2.0 -0.0177568349403 -0.0 0.0237226643042 0.0296322457601 -0.076993169125
2.0 0.0 -1.5 -0.0284593547964 -0.0 0.0298826321946 0.0412662886907 -0.0903585030882
2.0 0.0 -1.0 -0.0474453286084 -0.0 0.0355136698805 0.0592644915202 -0.106822315945
2.0 0.0 -0.5 -0.0781776959751 -0.0 0.0314760827217 0.0842763070589 -0.124366798399
2.0 0.0 0.0 -0.10005 -0.0 -0.0 0.10005 -0.1334
2.0 0.0 0.5 -0.0781776959751 -0.0 -0.0314760827217 0.0842763070589 -0.124366798399
2.0 0.0 1.0 -0.0474453286084 -0.0 -0.0355136698805 0.0592644915202 -0.106822315945
2.0 0.0 1.5 -0.0284593547964 -0.0 -0.0298826321946 0.0412662886907 -0.0903585030882
2.0 0.0 2.0 -0.0177568349403 -0.0 -0.0237226643042 0.0296322457601 -0.076993169125
2.0 0.5 -2.0 -0.0168039444616 -0.00558718928481 0.0223487571392 0.0285141399878 -0.0755541851665
2.0 0.5 -1.5 -0.0262860974438 -0.0091181421946 0.0273544265838 0.0390174844094 -0.087976434526
2.0 0.5 -1.0 -0.0419422136734 -0.0154262941591 0.0308525883182 0.0543047147607 -0.102687199782
2.0 0.5 -0.5 -0.0642559315535 -0.025140703213 0.025140703213 0.0734366029708 -0.117345685021
2.0 0.5 0.0 -0.0781776959751 -0.0314760827217 -0.0 0.0842763070589 -0.124366798399
2.0 0.5 0.5 -0.0642559315535 -0.025140703213 -0.025140703213 0.0734366029708 -0.117345685021
2.0 0.5 1.0 -0.0419422136734 -0.0154262941591 -0.0308525883182 0.0543047147607 -0.102687199782
2.0 0.5 1.5 -0.0262860974438 -0.0091181421946 -0.0273544265838 0.0390174844094 -0.087976434526
2.0 0.5 2.0 -0.0168039444616 -0.00558718928481 -0.0223487571392 0.0285141399878 -0.0755541851665
2.0 1.0 -2.0 -0.0144198416438 -0.00947910090306 0.0189582018061 0.0256358850576 -0.0716968276406
2.0 1.0 -1.5 -0.0212799421557 -0.0144463537108 0.0216695305661 0.0336318543741 -0.0818977686055
2.0 1.0 -1.0 -0.0309898616343 -0.0219131413096 0.0219131413096 0.0438262826193 -0.0929695849028
2.0 1.0 -0.5 -0.0419422136734 -0.0308525883182 0.0154262941591 0.0543047147607 -0.102687199782
2.0 1.0 0.0 -0.0474453286084 -0.0355136698805 -0.0 0.0592644915202 -0.106822315945
2.0 1.0 0.5 -0.0419422136734 -0.0308525883182 -0.0154262941591 0.0543047147607 -0.102687199782
2.0 1.0 1.0 -0.0309898616343 -0.0219131413096 -0.0219131413096 0.0438262826193 -0.0929695849028
2.0 1.0 1.5 -0.0212799421557 -0.0144463537108 -0.0216695305661 0.0336318543741 -0.0818977686055
2.0 1.0 2.0 -0.0144198416438 -0.00947910090306 -0.0189582018061 0.0256358850576 -0.0716968276406
2.0 1.5 -2.0 -0.0115469717194 -0.0112228244564 0.0149637659419 0.0219817796329 -0.0664389177847
2.0 1.5 -1.5 -0.0159371623519 -0.0158311866133 0.0158311866133 0.0274817409019 -0.0741967980779
2.0 1.5 -1.0 -0.0212799421557 -0.0216695305661 0.0144463537108 0.0336318543741 -0.0818977686055
2.0 1.5 -0.5 -0.0262860974438 -0.0273544265838 0.0091181421946 0.0390174844094 -0.087976434526
2.0 1.5 0.0 -0.0284593547964 -0.0298826321946 -0.0 0.0412662886907 -0.0903585030882
2.0 1.5 0.5 -0.0262860974438 -0.0273544265838 -0.0091181421946 0.0390174844094 -0.087976434526
2.0 1.5 1.0 -0.0212799421557 -0.0216695305661 -0.0144463537108 0.0336318543741 -0.0818977686055
2.0 1.5 1.5 -0.0159371623519 -0.0158311866133 -0.0158311866133 0.0274817409019 -0.0741967980779
2.0 1.5 2.0 -0.0115469717194 -0.0112228244564 -0.0149637659419 0.0219817796329 -0.0664389177847
2.0 2.0 -2.0 -0.00888858086286 -0.0113589512332 0.0113589512332 0.0183591507427 -0.0607425962883
2.0 2.0 -1.5 -0.0115469717194 -0.0149637659419 0.0112228244564 0.0219817796329 -0.0664389177847
2.0 2.0 -1.0 -0.0144198416438 -0.0189582018061 0.00947910090306 0.0256358850576 -0.0716968276406
2.0 2.0 -0.5 -0.0168039444616 -0.0223487571392 0.00558718928481 0.0285141399878 -0.0755541851665
2.0 2.0 0.0 -0.0177568349403 -0.0237226643042 -0.0 0.0296322457601 -0.076993169125
2.0 2.0 0.5 -0.0168039444616 -0.0223487571392 -0.00558718928481 0.0285141399878 -0.0755541851665
2.0 2.0 1.0 -0.0144198416438 -0.0189582018061 -0.00947910090306 0.0256358850576 -0.0716968276406
2.0 2.0 1.5 -0.0115469717194 -0.0149637659419 -0.0112228244564 0.0219817796329 -0.0664389177847
2.0 2.0 2.0 -0.00888858086286 -0.0113589512332 -0.0113589512332 0.0183591507427 -0.0607425962883
