1 WASP-14_b 7.69234 1.31 0.0367693 0.091
2 Kepler-20_b 0.0266646 0.912 0.0453704 0
3 HAT-P-27_b 0.617485 0.92 0.0399488 0
4 HD_116029_b 2.1395 1.58 1.74607 0
5 HD_219828_b 0.0622185 1.24 0.0515012 0
6 Kepler-11_c 0.0424765 0.95 0.106504 0
7 HD_1237_b 3.3748 0.9 0.494668 0.511
8 WASP-21_b 0.300272 1.01 0.0521087 0
9 HD_4308_b 0.0477376 0.933 0.119192 0
10 WASP-25_b 0.57847 1 0.0473714 0
11 HD_24040_b 4.02189 1.18 4.92406 0.04
12 HD_200964_b 1.83965 1.44 1.59682 0.04
13 HD_147018_b 2.12711 0.927 0.238855 0.4686
14 HD_218566_b 0.212872 0.85 0.687282 0.3
15 HD_45364_b 0.187149 0.82 0.68156 0.1684
16 HD_141937_b 9.4752 1.048 1.50087 0.41
17 HD_156668_b 0.0130582 0.772 0.0499846 0
19 GJ_649_b 0.325341 0.54 1.13179 0.3
20 HD_132406_b 5.60495 1.09 1.98227 0.34
21 HD_38529_c 13.0799 1.477 3.71859 0.355094
22 WASP-19_b 1.13339 0.93 0.0163152 0.0046
23 HD_126614_A_b 0.385706 1.145 2.36847 0.41
24 HD_177830_b 1.53223 1.46388 1.227 0.096
25 HD_38283_b 0.338157 1.085 1.02382 0.41
26 HD_217786_b 13.1868 1.02 2.3791 0.4
27 HD_32518_b 3.34549 1.13 0.595162 0.01
28 WASP-18_b 10.2006 1.22 0.0201401 0.00848
29 CoRoT-6_b 2.95364 1.05 0.0854177 0
30 HD_73267_b 3.06257 0.89 2.19849 0.256
31 HD_147513_b 1.17965 1.072 1.30958 0.26
32 HD_72659_b 3.1741 1.068 4.75375 0.22
33 BD_+14_4559_b 1.51929 0.86 0.775866 0.29
34 HD_197037_b 0.807324 1.11 2.07477 0.22
35 HD_70642_b 1.90944 1.002 3.18072 0.034
36 KELT-2_A_b 1.52064 1.308 0.0549707 0
37 Kepler-10_b 0.0142824 0.895 0.0167573 0
38 HD_40307_c 0.0211468 0.74 0.0800702 0
39 HD_142_b 1.3057 1.232 1.04292 0.26
40 WASP-10_b 3.19144 0.79 0.0384536 0.0507142
41 WASP-17_b 0.508547 1.19 0.0499354 0
42 HAT-P-17_b 0.530158 0.857 0.0882385 0.346
43 HD_102329_b 5.86632 1.95 2.07041 0.211
44 HD_159868_b 2.1068 1.087 2.24636 0.01
45 HD_114783_b 1.10505 0.853 1.15987 0.144
46 GJ_581_e 0.00613456 0.31 0.028459 0.32
47 epsilon_Ret_b 1.54759 1.478 1.2667 0.06
48 GJ_674_b 0.034879 0.35 0.0386657 0.2
49 HD_168443_c 17.3857 0.995 2.85281 0.2113
50 HAT-P-37_b 1.17362 0.929 0.0379273 0.058
51 HD_81040_b 6.87654 0.96 1.9372 0.526
52 HD_208527_b 10.014 1.6 2.099 0.08
53 HAT-P-32_b 0.950806 1.176 0.0344203 0.163
54 HD_95089_b 1.23585 1.58 1.44968 0.157
55 XO-3_b 13.2849 1.41 0.0477112 0.2884
56 HD_114729_b 0.944758 0.998 2.10235 0.167
57 HD_100655_b 1.67155 2.4 0.764579 0.085
58 HD_142415_b 1.66194 1.065 1.06061 0.5
59 CoRoT-9_b 0.843564 0.99 0.406991 0.11
60 HD_114386_b 1.3637 0.78 1.72685 0.23
61 HD_103197_b 0.0982431 0.9 0.249018 0
62 7_CMa_b 2.64541 1.52 1.87994 0.14
63 WASP-16_b 0.842294 1 0.0417858 0
64 HD_152581_b 1.51375 0.927 1.48938 0
67 HD_125595_b 0.0416764 0.756 0.0809437 0
68 WASP-79_b 0.887514 1.52 0.0534741 0
69 HIP_57274_c 0.410096 0.73 0.177758 0.05
70 Kepler-30_d 0.0726872 0.99 0.534239 0.022
71 HD_93083_b 0.368176 0.7 0.476549 0.14
72 HD_31253_b 0.501427 1.23 1.26054 0.3
73 HD_89744_b 8.47248 1.558 0.918162 0.673
75 HD_183263_c 3.47646 1.121 4.29488 0.23873
76 WASP-42_b 0.496968 0.881 0.0547344 0
77 HD_192310_c 0.0736073 0.8 1.18358 0.32
78 HD_1690_b 6.1908 1.09 1.32643 0.64
79 HAT-P-41_b 0.800254 1.418 0.0425775 0
80 HD_28185_b 5.79721 0.99 1.02341 0.05
81 HD_23127_b 1.40487 1.127 2.31864 0.44
82 HD_154672_b 5.00638 1.06 0.598618 0.61
83 OGLE-TR-10_b 0.62 1.14 0.0434855 0
84 gamma_Leo_A_b 8.81783 1.23 1.19453 0.144
85 HAT-P-2_b 8.87065 1.308 0.0679088 0.5171
86 HAT-P-24_b 0.685857 1.191 0.0465021 0.067
87 HD_11506_b 4.7347 1.19 2.60488 0.3
88 tau_Boo_b 5.69775 1.341 0.0480039 0.023
89 HD_34445_b 0.790506 1.069 2.06642 0.27
90 HD_125612_b 3.06805 1.1 1.3728 0.45899
91 42_Dra_b 3.73203 0.92 1.16693 0.38
92 Kepler-11_b 0.0135246 0.95 0.0910985 0
93 HD_153950_b 2.74209 1.12 1.28031 0.34
95 HD_16141_b 0.249652 1.052 0.355656 0.252
96 Kepler-7_b 0.437758 1.347 0.0622369 0
97 WASP-24_b 1.091 1.184 0.0365155 0
98 HAT-P-29_b 0.779004 1.207 0.0666842 0.095
99 HD_204313_d 1.60642 1.02 3.94498 0.28
100 HD_50554_b 4.39876 1.025 2.26097 0.444
101 HD_11964_c 0.0783481 1.107 0.228474 0.301733
102 HD_13189_b 14.7715 3.5 1.80272 0.27
103 HD_60532_b 1.0348 1.44 0.759258 0.28
104 HAT-P-11_b 0.0825354 0.81 0.0525443 0.198
105 HD_104067_b 0.185935 0.791 0.264333 0
106 HD_20794_b 0.00848679 0.7 0.120738 0
107 HD_195019_b 3.57989 1.025 0.136688 0.0138
108 GJ_832_b 0.644279 0.45 3.4032 0.12
109 GJ_667_C_b 0.0171709 0.33 0.0504235 0.09
110 CoRoT-19_b 1.10792 1.21 0.0516604 0.047
111 alpha_Ari_b 1.85989 1.5 1.17579 0.25
112 61_Vir_b 0.016075 0.942 0.05006 0.12
113 HD_210702_b 1.96498 1.85 1.20333 0.036
114 HAT-P-4_b 0.671507 1.248 0.0443853 0
115 HAT-P-21_b 4.07833 0.947 0.0494951 0.228
116 alpha_Cen_B_b 0.00354639 0.934 0.0418506 0
117 mu_Ara_b 1.74552 1.147 1.5273 0.128
118 WASP-45_b 1.00657 0.909 0.0405459 0
119 HD_73526_c 2.4209 1.014 1.02831 0.14
120 Kepler-17_b 2.47943 1.16 0.0267923 0
121 14_Her_b 5.21486 1.066 2.93362 0.369
122 HAT-P-33_b 0.766341 1.403 0.0502683 0.148
124 HIP_79431_b 2.11299 0.49 0.358346 0.29
125 HD_171238_b 2.60901 0.943 2.54268 0.4
126 HIP_5158_b 1.42633 0.78 0.887919 0.52
127 WASP-46_b 2.10232 0.956 0.0244921 0
128 GJ_849_b 0.830886 0.49 2.35317 0.04
129 HAT-P-1_b 0.532369 1.133 0.0553326 0
130 OGLE2-TR-L9_b 4.57442 1.52 0.0413279 0
131 WASP-22_b 0.559059 1.1 0.0468682 0.023
132 WASP-2_b 0.908659 0.88 0.0312729 0
133 HD_164922_b 0.357927 0.927 2.10091 0.05
134 Kepler-30_c 2.01385 0.99 0.300013 0.0111
135 tau_Gru_b 1.2147 1.238 2.51797 0.07
136 WASP-34_b 0.583354 1.01 0.0520747 0.038
137 HD_96063_b 0.920067 1.02 0.99927 0
138 HAT-P-22_b 2.15137 0.916 0.0414094 0.016
139 CoRoT-7_b 0.0157999 0.93 0.0171897 0
140 HD_5608_b 1.40789 1.55 1.94034 0.19
141 HATS-1_b 1.86507 0.986 0.0444708 0.12
142 HD_80606_b 3.89054 0.958 0.447343 0.934
143 Kepler-45_b 0.511499 0.59 0.0298817 0.11
144 Kepler-68_b 0.026183 1.079 0.061775 0
145 WASP-78_b 0.883997 1.33 0.0361391 0
146 HD_86264_b 6.62738 1.4 2.84117 0.7
147 HD_82943_c 1.98927 1.133 0.742817 0.359
148 GJ_581_d 0.0191104 0.31 0.217717 0.25
149 iota_Hor_b 2.04683 1.145 0.92376 0.14
150 HD_37124_d 0.68665 0.85 2.80658 0.16
151 HD_192263_b 0.639382 0.804 0.152945 0.055
152 HD_204313_b 3.50088 1.045 3.07131 0.23
154 TrES-3_b 1.91 0.915 0.0227178 0
155 HIP_14810_b 3.87441 0.99 0.0692271 0.142483
156 HD_90156_b 0.0565295 0.84 0.249855 0.31
157 Pr_211_b 1.84394 0.952 0.0320419 0
158 Kepler-6_b 0.669376 1.209 0.0456089 0
159 24_Sex_c 1.3623 1.54 2.1229 0.412
160 HD_60532_c 2.46312 1.44 1.57999 0.02
161 HD_68988_b 1.79992 1.124 0.0692771 0.1249
162 HAT-P-26_b 0.0586489 0.816 0.0478684 0.124
163 HD_149143_b 1.32811 1.2 0.0530508 0.016
164 HD_79498_b 1.34632 1.06 3.13296 0.59
165 HD_181433_c 0.640416 0.78 1.75604 0.28
166 70_Vir_b 7.46144 1.101 0.483601 0.4007
167 HD_102365_b 0.0509774 0.89 0.463328 0.34
168 BD_-08_2823_b 0.045941 0.74 0.0558236 0.15
169 CoRoT-11_b 2.34813 1.27 0.0440549 0
170 GJ_436_b 0.0726979 0.452 0.0287188 0.16
171 HD_41004_B_b 18.4135 0.4 0.0176759 0.081
172 WASP-37_b 1.79362 0.925 0.0446312 0
173 HD_6718_b 1.5591 0.96 3.55427 0.1
174 HD_33636_b 9.26951 1.017 3.26519 0.4805
175 HAT-P-40_b 0.6202 1.512 0.060845 0
176 HD_240237_b 5.31949 1.69 1.91887 0.4
177 rho_CrB_b 1.06409 0.965 0.225692 0.057
178 HD_11977_b 6.51995 1.91 1.93643 0.4
179 HD_73534_b 1.10389 1.229 3.06829 0.074
180 HD_164604_b 2.6885 0.8 1.30299 0.24
182 HD_37124_c 0.648109 0.85 1.70993 0.125
183 HD_217107_c 2.61546 1.108 5.33414 0.517222
184 HD_74156_b 1.77342 1.238 0.291535 0.63
185 Kepler-43_b 3.23143 1.32 0.0449294 0
186 WASP-13_b 0.479386 1.09 0.0537035 0
187 HD_13931_b 1.88123 1.022 5.14931 0.02
188 HAT-P-18_b 0.197205 0.77 0.0559503 0.084
189 HD_155358_c 0.807031 0.87 1.00082 0.16
190 WASP-43_b 1.77609 0.58 0.0142363 0
191 Kepler-39_b 18.1805 1.1 0.155007 0.121
192 14_And_b 4.68383 2.15 0.823151 0
193 81_Cet_b 5.34087 2.4 2.53876 0.206
195 CoRoT-3_b 21.8549 1.37 0.0573788 0
196 HAT-P-38_b 0.267569 0.886 0.0522992 0.067
197 Kepler-18_d 0.0516 0.972 0.117171 0.000521567
198 mu_Ara_e 0.543322 1.147 0.93961 0.0666
199 HD_136118_b 11.6809 1.191 2.33328 0.338
200 HD_6434_b 0.397195 0.79 0.142061 0.17
201 HD_5319_b 1.93773 1.56 1.74656 0.12
202 HD_231701_b 1.08667 1.14 0.555583 0.1
203 CoRoT-18_b 3.48652 0.95 0.0295483 0.04
204 HD_75898_b 2.51504 1.28 1.18906 0.1
205 GJ_1214_b 0.0203507 0.157 0.0143253 0
206 16_Cyg_B_b 1.63997 0.956 1.66027 0.681
207 HAT-P-25_b 0.567181 1.01 0.0465813 0.032
208 HD_213240_b 4.53249 1.143 1.88529 0.421
209 HD_12661_b 2.3408 1.136 0.838172 0.376834
210 Kepler-9_c 0.168671 1 0.22473 0.132575
211 HD_74156_c 8.24664 1.238 3.8997 0.38
212 HD_20794_c 0.00743617 0.7 0.203628 0
213 HD_38801_b 10.7604 1.36 1.70768 0
214 HD_132563_B_b 1.49247 1.01 2.62431 0.22
215 GJ_667_C_c 0.0134408 0.33 0.125092 0.34
216 HD_207832_c 0.730294 0.94 2.1118 0.27
217 Kepler-44_b 1.02109 1.19 0.0454854 0
218 HD_5891_b 6.77867 1.61 0.724366 0.066
219 HD_173416_b 2.71808 2 1.16272 0.21
220 HD_76700_b 0.232142 1.129 0.0511051 0.095
221 HD_39091_b 10.088 1.071 3.34651 0.6405
222 HD_7449_b 1.3131 1.05 2.33982 0.82
223 HD_149026_b 0.361471 1.294 0.0431325 0
224 OGLE-2006-BLG-109L_c 0.271 0.51 4.8168 0.27
225 Qatar-2_b 2.48409 0.74 0.0215077 0
226 HD_216437_b 2.16817 1.117 2.48556 0.319
227 HAT-P-7_b 1.7916 1.5 0.037964 0
228 HD_49674_b 0.101571 1.015 0.0571073 0.087
229 HD_82943_b 1.73352 1.133 1.183 0.219
230 WASP-38_b 2.70901 1.23 0.0758454 0.028
231 HD_77338_b 0.0498139 0.93 0.0612143 0.09
232 HD_220773_b 1.44975 1.16 4.94302 0.51
233 WASP-6_b 0.52136 0.93 0.0428704 0.054
234 HD_159868_c 0.73 1.087 1.00396 0.15
235 HD_137388_b 0.227816 0.86 0.88883 0.36
236 HD_100777_b 1.16502 1 1.03378 0.36
237 HAT-P-5_b 1.05561 1.157 0.0407152 0
238 HD_222582_b 7.63003 0.965 1.33658 0.725
239 Kepler-16_b 0.333 0.6897 0.646795 0.0069
240 HD_128311_b 1.4572 0.828 1.08649 0.345
241 HD_181433_d 0.535482 0.78 3.02208 0.48
242 TrES-1_b 0.752484 0.878 0.0392516 0
243 HD_4208_b 0.807457 0.879 1.65355 0.052
244 HD_5388_b 1.96509 1.21 1.76349 0.4
245 CoRoT-10_b 2.75536 0.89 0.105463 0.53
246 11_UMi_b 11.0873 1.8 1.53498 0.08
247 WASP-62_b 0.56227 1.25 0.0567187 0
248 HD_4732_c 2.36493 1.74 4.60219 0.23
249 kappa_CrB_b 2.18571 1.84 2.85763 0.125
250 HD_99492_b 0.106179 0.832 0.121908 0.254
251 HD_204941_b 0.26689 0.74 2.55427 0.37
252 HD_196050_b 2.8434 1.109 2.51056 0.228
253 WASP-11_b 0.539755 0.8 0.0436466 0
254 HD_111232_b 6.84182 0.78 1.97489 0.2
255 HD_117618_b 0.176652 1.069 0.174852 0.42
256 HD_180902_b 1.55713 1.52 1.37801 0.09
257 HIP_12961_b 0.354314 0.67 0.25497 0.166
258 HD_63454_b 0.384566 0.8 0.0362523 0
259 BD_+48_738_b 0.922011 0.74 0.949488 0.2
260 NGC_2423_3_b 10.6368 2.4 2.09673 0.21
261 HD_50499_b 1.74473 1.28 3.87172 0.253675
262 CoRoT-14_b 7.69464 1.13 0.0269122 0
263 CoRoT-4_b 0.717419 1.16 0.0903166 0
264 HAT-P-19_b 0.292273 0.842 0.0466409 0.067
265 HD_2039_b 5.92499 1.123 2.19755 0.715
266 Kepler-36_c 0.025489 1.071 0.128401 0
267 XO-2_b 0.56654 0.974 0.0368367 0
268 Kepler-11_d 0.0191949 0.95 0.154183 0
269 HD_187085_b 0.803694 1.143 2.02754 0.47
270 HD_118203_b 2.13623 1.23 0.0702997 0.309
271 WASP-63_b 0.378096 1.32 0.0574592 0
272 Kepler-30_b 0.035557 0.99 0.185524 0.042
273 HD_175167_b 7.77836 1.102 2.40085 0.54
274 HAT-P-16_b 4.2025 1.218 0.0413275 0.036
275 TrES-4_b 0.925 1.394 0.0509243 0
276 NGC_4349_127_b 19.8296 3.9 2.38084 0.19
277 GJ_676_A_b 4.89701 0.71 1.81539 0.326
278 HD_47186_c 0.348285 0.99 2.38704 0.249
279 HIP_14810_d 0.5806 0.99 1.88623 0.165251
280 HD_142245_b 1.89038 1.69 2.77628 0
281 HD_30177_b 9.68782 0.951 3.80821 0.193
282 Kepler-4_b 0.0772279 1.223 0.0455763 0
283 HD_190647_b 1.90296 1.1 2.07238 0.18
284 HD_97658_b 7.862 0.748 0.0796373 0.064
285 HD_106270_b 11.0314 1.32 4.3673 0.402
286 HD_30856_b 1.8481 1.35 2.03503 0.117
287 HD_48265_b 1.20645 0.93 1.59435 0.24
288 HD_89307_b 1.79148 0.989 3.26609 0.2
289 HD_163607_c 2.2924 1.09 2.41789 0.12
290 WASP-49_b 0.378231 0.938 0.0378972 0
292 HD_4313_b 2.34791 1.72 1.17834 0.041
293 HR_8799_b 7 1.516 67.4293 0
294 HD_2638_b 0.477325 0.93 0.0435743 0
295 HD_168443_b 7.69745 0.995 0.29385 0.52883
296 HD_10180_f 0.0743252 1.06 0.49279 0.133
297 HD_45350_b 1.83614 1.054 1.94413 0.778
298 HD_69830_c 0.0367709 0.849 0.185072 0.13
299 HD_47186_b 0.071203 0.99 0.0498411 0.038
300 HD_148427_b 1.21259 1.485 1.06975 0.16
301 epsilon_Tau_b 7.62034 2.7 1.92936 0.151
302 Kepler-11_e 0.026432 0.95 0.1939 0
303 HD_208487_b 0.5122 1.113 0.520765 0.24
304 epsilon_Eri_b 1.05448 0.82 3.37558 0.25
306 HD_20782_b 1.9 0.969 1.36607 0.97
307 HD_190360_c 0.0589738 0.983 0.129216 0.23747
308 HD_65216_b 1.21636 0.92 1.37427 0.41
309 HAT-P-13_b 0.85708 1.22 0.0426946 0.0133
310 GJ_3634_b 0.0221881 0.45 0.0286881 0.08
311 Kepler-9_b 0.248945 1 0.140548 0.150841
312 HD_130322_b 1.04309 0.836 0.0896052 0.011
314 HD_16175_b 4.37946 1.29 2.1185 0.6
315 HD_46375_b 0.227201 0.927 0.0399038 0.063
316 Kepler-14_b 8.40643 1.512 0.0806879 0.0350051
317 CoRoT-13_b 1.31099 1.09 0.051069 0
318 HD_98219_b 1.83388 1.3 1.23037 0
319 HD_11964_b 0.618198 1.107 3.15465 0.041
320 HAT-P-34_b 3.334 1.392 0.0677467 0.441
321 HD_139357_b 10.0754 1.35 2.34618 0.1
322 HD_1461_b 0.0240044 1.026 0.0635202 0.14
323 HAT-P-30_b 0.711088 1.242 0.0419042 0.035
324 HD_8535_b 0.682196 1.13 2.4447 0.15
325 HAT-P-28_b 0.627833 1.025 0.0433674 0.051
326 HD_4203_b 2.08215 1.13 1.16537 0.519
327 HD_102956_b 0.951497 1.68 0.0810025 0.048
328 Fomalhaut_b 0.5 1.92 113.443 0.12
329 GJ_176_b 0.0259969 0.49 0.0656822 0
330 HD_23079_b 2.4433 1.012 1.59509 0.102
331 HD_178911_B_b 7.29127 1.06421 0.344904 0.114
332 WASP-58_b 0.891379 0.94 0.0562022 0
333 HD_162020_b 15.2138 0.8 0.0756944 0.277
334 HD_168746_b 0.245103 0.916 0.0655505 0.107
335 GJ_876_c 0.612168 0.32 0.129574 0.25591
336 Kepler-20_c 0.0495058 0.912 0.0930411 0
337 HD_215497_b 0.020855 0.872 0.0465952 0.16
338 HD_154345_b 0.956901 0.893 4.21377 0.044
339 HD_217107_b 1.40112 1.108 0.0750282 0.126686
340 mu_Ara_c 1.88907 1.147 5.34057 0.0985
341 HD_7199_b 0.295018 0.89 1.36155 0.19
342 GJ_433_b 0.0181986 0.48 0.0580371 0.08
343 HAT-P-31_b 2.16904 1.218 0.0611921 0.245
344 OGLE-TR-113_b 1.26 0.779 0.0228946 0
345 Kepler-41_b 0.493545 0.94 0.0289537 0
346 HD_40307_d 0.028076 0.74 0.132422 0
347 HD_290327_b 2.54762 0.9 3.43052 0.08
348 GJ_876_e 0.039229 0.32 0.333345 0.055
349 HD_169830_c 4.06407 1.407 3.60184 0.33
350 47_UMa_c 0.545774 1.063 3.57197 0.098
351 HD_63765_b 0.643827 0.865 0.94038 0.24
352 HD_85390_b 0.131884 0.76 1.52377 0.41
353 WASP-77_A_b 1.76 1.002 0.0240406 0
354 55_Cnc_e 0.0263671 0.905 0.0154393 0
355 HIP_57274_d 0.528573 0.73 1.00678 0.27
356 HD_221287_b 3.11535 1.25 1.25015 0.08
357 HD_192699_b 2.39704 1.69 1.14839 0.129
358 HD_181342_b 2.99952 1.58 1.73419 0.177
359 WASP-8_b 2.13797 1.03 0.080153 0.31
360 HD_131496_b 2.24115 1.61 2.1121 0.163
362 HD_44219_b 0.589265 1 1.18713 0.61
363 75_Cet_b 3.04335 2.49 2.07589 0.117
364 Kepler-40_b 2.17684 1.48 0.0806644 0
365 HD_220074_b 11.1883 1.2 1.60044 0.14
366 HAT-P-39_b 0.599196 1.404 0.0509456 0
367 WASP-26_b 1.01746 1.12 0.0399686 0
368 HIP_2247_b 5.12319 0.74 1.33884 0.54
369 GJ_876_d 0.0184193 0.32 0.0208066 0.207
370 OGLE-TR-56_b 1.39 1.228 0.0238309 0
371 HD_38529_b 0.85711 1.477 0.131395 0.243663
372 BD_+20_2457_c 13.1737 2.8 2.01294 0.18
373 HD_22781_b 13.8403 0.75 1.16847 0.8191
375 HD_20868_b 2.00901 0.78 0.947319 0.75
376 HAT-P-9_b 0.776601 1.28 0.0528645 0
377 HD_107148_b 0.212171 1.137 0.270013 0.05
378 51_Peg_b 0.461143 1.054 0.0521068 0.013
379 55_Cnc_f 0.172877 0.905 0.773567 0.32
380 HD_212301_b 0.39615 1.05 0.034116 0
381 HAT-P-15_b 1.95154 1.013 0.0964692 0.19
382 HD_209458_b 0.689646 1.131 0.047235 0
383 HD_102272_b 5.91294 1.9 0.614906 0.05
384 HD_181433_b 0.0237331 0.78 0.0800943 0.396
385 HD_187123_b 0.510056 1.037 0.042091 0.0102736
386 HD_108147_b 0.257999 1.171 0.101407 0.53
387 WASP-61_b 2.05491 1.22 0.0514489 0
388 HD_215497_c 0.327524 0.872 1.28243 0.49
389 CoRoT-17_b 2.46001 1.04 0.0480499 0
390 HD_20794_d 0.0147932 0.7 0.349781 0
391 xi_Aql_b 2.80661 2.2 0.675889 0
392 HD_33564_b 9.12785 1.25 1.1241 0.34
393 HD_40979_b 4.02224 1.154 0.846038 0.252
394 GJ_581_c 0.0167756 0.31 0.0729238 0.07
395 HD_10180_c 0.0415054 1.06 0.0641175 0.077
396 WASP-31_b 0.479329 1.165 0.0466223 0
397 HD_134987_c 0.804926 1.054 5.82513 0.12
398 HD_40307_b 0.0129071 0.74 0.0468927 0
399 iota_Dra_b 12.715 1.82 1.53084 0.7124
400 HD_108874_b 1.2902 0.95 1.03527 0.1276
401 HD_4732_b 2.37727 1.74 1.19218 0.13
402 HD_23596_b 7.74272 1.159 2.77219 0.266
403 HD_25171_b 0.956204 1.09 3.03064 0.08
404 HD_83443_b 0.395855 0.991 0.0404623 0.013
405 WASP-36_b 2.26929 1.02 0.0262601 0
406 HD_43691_b 2.49717 1.38 0.241901 0.14
407 30_Ari_B_b 9.87792 1.16 0.99475 0.289
408 HAT-P-6_b 1.05957 1.29 0.0523738 0
409 Kepler-35_b 0.127011 0.8877 0.48628 0.042
410 BD_-08_2823_c 0.328101 0.74 0.679166 0.19
411 4_UMa_b 7.13242 1.234 0.876999 0.432
412 Qatar-1_b 1.08979 0.85 0.0234308 0
413 HD_10697_b 6.23505 1.112 2.13177 0.099
414 Kepler-11_f 0.0072304 0.95 0.249453 0
415 BD_+20_2457_b 22.6726 2.8 1.44993 0.15
416 mu_Ara_d 0.0345873 1.147 0.0927843 0.172
417 HD_3651_b 0.228975 0.882 0.29472 0.596
418 HD_99706_b 1.40289 1.72 2.13423 0.37
419 HD_169830_b 2.88946 1.407 0.813279 0.31
420 HD_175541_b 0.574881 1.524 1.00334 0.33
421 HD_202206_c 2.33098 1.074 2.49004 0.267
422 HD_145457_b 2.97219 1.9 0.762504 0.112
423 HD_206610_b 2.22576 1.56 1.6333 0.229
424 HD_12661_c 1.9487 1.136 2.91927 0.0312556
425 Kepler-12_b 0.431956 1.166 0.0556348 0
426 HAT-P-36_b 1.83923 1.022 0.0238229 0.063
427 WASP-35_b 0.717098 1.07 0.0431283 0
428 HD_69830_d 0.0563373 0.849 0.627426 0.07
429 HD_28254_b 1.1614 1.06 2.14768 0.81
430 HD_81688_b 2.6907 2.1 0.811148 0
431 HD_210277_b 1.27275 0.986 1.13105 0.476
433 HR_8799_c 9.5 1.516 42.4842 0
434 XO-1_b 0.918464 1.027 0.049283 0
435 Kepler-20_d 0.0236865 0.912 0.345324 0
436 55_Cnc_b 0.801471 0.905 0.113377 0.004
437 HD_207832_b 0.564176 0.94 0.569755 0.13
438 WASP-55_b 0.571173 1.01 0.0532575 0
439 HD_33283_b 0.330171 1.24 0.145378 0.48
440 OGLE-TR-111_b 0.55 0.852 0.0468862 0
441 HD_10180_e 0.0797893 1.06 0.269917 0.065
442 55_Cnc_d 3.54451 0.905 5.47467 0.02
443 WASP-3_b 2.01184 1.22 0.0314948 0
444 HD_148156_b 0.847612 1.22 2.12913 0.52
445 TrES-5_b 1.7781 0.893 0.0245157 0
446 HD_222155_b 2.02633 1.13 5.13864 0.16
447 HD_73526_b 2.8556 1.014 0.646509 0.19
448 HD_117207_b 1.8189 1.031 3.73753 0.144
449 HD_121504_b 1.2223 1.18 0.328688 0.03
450 HD_156846_b 11.0076 1.43 1.11751 0.8472
451 Kepler-18_b 0.022 0.972 0.0447299 0
452 HR_8799_d 9.5 1.516 26.7553 0.1
453 HAT-P-23_b 2.09606 1.13 0.0231971 0.106
454 HD_224693_b 0.714594 1.33 0.192441 0.05
455 HD_158038_b 1.79425 1.65 1.49788 0.291
456 GJ_179_b 0.824243 0.357 2.41241 0.21
457 Kepler-68_c 0.015142 1.079 0.0907019 0
458 HD_143361_b 3.03499 0.95 2.03474 0.18
459 HD_155358_b 0.819484 0.87 0.626938 0.17
460 HD_192310_b 0.0531258 0.8 0.322307 0.13
461 upsilon_And_b 0.669277 1.31 0.0593858 0.013
462 HD_86081_b 1.49595 1.21 0.0346186 0.008
463 HD_109246_b 0.768085 1.01 0.328074 0.12
465 HD_128311_c 3.24848 0.828 1.74533 0.23
466 CoRoT-23_b 3.0853 1.14 0.0483417 0.16
467 WASP-39_b 0.284338 0.93 0.0485835 0
468 GJ_876_b 1.9469 0.32 0.208098 0.0324
469 HD_164509_b 0.480333 1.13 0.877542 0.26
470 HD_9446_b 0.698769 1 0.189213 0.2
471 HD_18742_b 2.71855 1.6 1.92734 0.12
472 HD_167042_b 1.69651 1.72 1.31709 0.089
473 HD_69830_b 0.0316488 0.849 0.0781916 0.1
474 Kepler-8_b 0.585742 1.213 0.0483278 0
475 HD_114762_b 11.6351 0.894578 0.362932 0.3354
476 61_Vir_c 0.0333747 0.942 0.216926 0.14
477 HD_45652_b 0.468448 0.83 0.227878 0.38
478 HAT-P-14_b 2.23603 1.386 0.0606258 0.107
479 WASP-66_b 2.31346 1.3 0.0546221 0
480 HD_73256_b 1.86902 1.05 0.0371348 0.029
481 6_Lyn_b 2.20888 1.82 2.18639 0.059
482 HD_180314_b 22.6261 2.6 1.45528 0.257
483 HD_17092_b 4.96206 2.3 1.30798 0.166
484 HIP_57274_b 0.0365708 0.73 0.0712798 0.187
485 HD_202206_b 16.8244 1.074 0.811776 0.435
486 WASP-5_b 1.62423 1.01 0.0271923 0
487 CoRoT-2_b 3.27527 0.97 0.0280884 0.0143
488 HD_108874_c 1.02837 0.95 2.72021 0.273039
489 HD_200964_c 0.892778 1.44 1.94439 0.181
490 HD_10180_h 0.206033 1.06 3.42452 0.151
491 HD_33142_b 1.32886 1.48 1.05802 0.12
492 HAT-P-20_b 7.28953 0.756 0.03616 0.015
493 HD_7924_b 0.0291185 0.832 0.0566409 0.17
494 CoRoT-5_b 0.462537 1 0.0496334 0.09
495 WASP-47_b 1.13646 1.084 0.0520112 0
496 Kepler-36_b 0.0140379 1.071 0.115423 0
497 HAT-P-35_b 1.05422 1.236 0.0497734 0.025
498 HD_99109_b 0.504198 0.94 1.10806 0.09
499 Kepler-5_b 2.11663 1.374 0.0506416 0
500 HD_10647_b 0.925037 1.095 2.02175 0.16
501 upsilon_And_c 1.91855 1.31 0.830445 0.223848
502 WASP-12_b 1.36063 1.28 0.0225329 0.049
503 HD_170469_b 0.668676 1.136 2.23538 0.11
504 HD_88133_b 0.299445 1.2 0.047174 0.133
505 HD_196885_b 2.9439 1.23 2.54171 0.48
506 24_Sex_b 1.64828 1.54 1.33782 0.184
507 HD_190228_b 5.94193 1.821 2.60478 0.531
509 HD_181720_b 0.37199 0.92 1.84741 0.26
510 55_Cnc_c 0.164558 0.905 0.237305 0.07
511 HD_156411_b 0.736644 1.25 1.88048 0.22
512 HD_27894_b 0.617925 0.75 0.122117 0.049
513 HD_156279_b 9.7848 0.93 0.494507 0.708
514 61_Vir_d 0.0715929 0.942 0.474527 0.35
515 HD_179079_b 0.0837774 1.09 0.119635 0.115
517 WASP-4_b 1.22311 0.91 0.0230406 0
518 HD_4113_b 1.64829 0.99 1.27266 0.903
519 HD_330075_b 0.623724 0.7 0.0392074 0
520 HD_104985_b 6.55066 1.6 0.782553 0.09
521 HD_87883_b 1.75571 0.803 3.57648 0.53
522 HD_10180_g 0.0673813 1.06 1.42271 0
523 HD_66428_b 2.74962 1.061 3.14259 0.465
524 HD_52265_b 1.07139 1.17 0.499878 0.325
525 HD_16417_b 0.0669595 1.115 0.135435 0.2
526 Kepler-15_b 0.662431 1.018 0.0571382 0.133933
527 HD_205739_b 1.48708 1.22 0.894939 0.27
528 CoRoT-16_b 0.537982 1.098 0.0617874 0.33
529 HD_216770_b 0.646927 0.9 0.455837 0.37
530 HD_136418_b 1.9935 1.33 1.29111 0.255
532 HD_188015_b 1.46957 1.056 1.19018 0.137
533 WASP-59_b 0.859095 0.719 0.0696866 0.1
535 HAT-P-8_b 1.29336 1.28 0.0449613 0
536 WASP-15_b 0.542797 1.18 0.0499436 0
537 HD_10180_d 0.0376549 1.06 0.128581 0.143
538 HD_9446_c 1.81548 1 0.65375 0.06
539 XO-4_b 1.60254 1.32 0.05524 0
540 WASP-48_b 0.984236 1.19 0.034488 0
541 HD_37124_b 0.674371 0.85 0.533637 0.054
542 WASP-32_b 3.45362 1.07 0.0390315 0
543 OGLE-TR-211_b 0.757277 1.33 0.0512842 0
544 gamma_Cep_b 1.77171 1.59 2.13883 0.12
545 GJ_86_b 4.00104 0.796 0.114217 0.0416
546 HR_8799_e 7 1.516 14.5253 0
547 HD_8574_b 1.80603 1.122 0.757141 0.297
548 HD_82886_b 1.30477 1.06 1.58126 0.066
549 HD_179949_b 0.902075 1.181 0.0439208 0.022
551 HIP_14810_c 1.27518 0.99 0.545404 0.153155
552 HD_28678_b 1.71423 1.74 1.25067 0.168
553 Kepler-18_c 0.0544 0.972 0.0752115 0.000338541
554 CoRoT-8_b 0.216078 0.88 0.0633825 0
555 HD_96167_b 0.68457 1.31 1.34724 0.71
556 HD_43197_b 0.596868 0.96 0.918027 0.83
557 HD_37605_c 3.36552 1 3.81754 0.013
558 HD_183263_b 3.57445 1.121 1.49006 0.35672
559 WASP-23_b 0.872226 0.78 0.037022 0
560 11_Com_b 19.4336 2.7 1.29387 0.231
561 HD_145377_b 5.78201 1.12 0.450064 0.307
562 omicron_CrB_b 1.47736 2.13 0.826048 0.191
563 OGLE-TR-132_b 1.18 1.305 0.0303507 0
564 beta_Gem_b 2.68707 2 1.73458 0.02
565 Pr_201_b 0.540155 1.234 0.0565986 0
566 WASP-52_b 0.457165 0.87 0.0271336 0
567 47_UMa_b 2.54589 1.063 2.10149 0.032
568 HD_240210_b 7.28868 1.25 1.33364 0.15
569 HD_109749_b 0.27467 1.21 0.0629198 0
570 HD_45364_c 0.658513 0.82 0.897549 0.0974
571 WASP-50_b 1.47244 0.892 0.0294714 0.009
572 GJ_3470_b 0.0439877 0.541 0.0356123 0
573 HD_96127_b 4.00701 0.91 1.42112 0.3
574 HD_17156_b 3.30275 1.285 0.163197 0.6819
575 HD_16760_b 13.2921 0.78 1.08727 0.067
576 HD_30562_b 1.33254 1.277 2.34083 0.76
578 epsilon_CrB_b 6.75624 1.7 1.30723 0.11
579 omicron_UMa_b 4.09607 3.09 3.94973 0.13
580 TrES-2_b 1.20071 0.983 0.0355765 0
581 HD_102195_b 0.452799 0.87 0.0479747 0
582 HD_75289_b 0.46004 1.187 0.047858 0.034
583 HD_185269_b 0.954212 1.28 0.0765701 0.295952
584 WASP-7_b 0.919279 1.2 0.0604573 0
585 WASP-41_b 0.932493 0.95 0.0404959 0
586 BD_-10_3166_b 0.429903 0.92 0.0437823 0.019
587 HD_190360_b 1.53512 0.983 3.97285 0.313105
588 HAT-P-13_c 14.2696 1.22 1.22574 0.6616
589 GJ_317_b 1.17505 0.24 0.953818 0.193
590 HD_37605_b 2.80174 1 0.283337 0.6767
591 WASP-44_b 0.889836 0.951 0.0347371 0
592 CoRoT-12_b 0.91918 1.078 0.0401409 0.07
593 CoRoT-1_b 1.02979 0.95 0.0253191 0
594 HD_125612_c 0.0580667 1.1 0.0522124 0.27499
595 GJ_581_b 0.0499019 0.31 0.0406125 0.031
596 HD_102117_b 0.169756 1.083 0.152077 0.121
597 HD_189733_b 1.1436 0.806 0.0309953 0
598 HD_108863_b 2.55796 1.85 1.39761 0
599 HD_1502_b 3.08886 1.61 1.3112 0.101
600 HD_142022_b 4.46762 0.9 2.93163 0.53
601 HD_212771_b 2.25208 1.15 1.06369 0.111
602 HD_134987_b 1.56347 1.054 0.807929 0.233
603 HD_187123_c 1.9422 1.037 4.83146 0.252086
604 HD_101930_b 0.299187 0.74 0.302019 0.11
606 HD_131664_b 18.3282 1.1 3.17098 0.638
607 HIP_57050_b 0.297735 0.34 0.163506 0.314
608 WASP-67_b 0.41931 0.87 0.0517914 0
609 HD_147018_c 6.59355 0.927 1.92274 0.133
610 HD_92788_b 3.56392 1.078 0.951142 0.334
611 HAT-P-12_b 0.210804 0.73 0.0383737 0
612 HD_154857_b 2.33267 1.718 1.29206 0.47
613 HD_163607_b 0.768857 1.09 0.359201 0.73
614 HD_19994_b 1.32681 1.365 1.30567 0.266
615 WASP-29_b 0.242991 0.825 0.0456587 0.03
616 OGLE-TR-182_b 1.0245 1.14 0.0513517 0
617 HD_85512_b 0.0113953 0.69 0.260405 0.11
618 HD_106252_b 6.95913 1.007 2.61147 0.482
619 18_Del_b 10.2096 2.3 2.57542 0.08
620 Kepler-34_b 0.220004 1.0479 0.86856 0.182
621 HD_171028_b 1.96177 0.99 1.31019 0.59
622 WASP-1_b 0.918 1.2 0.0385203 0
623 XO-5_b 1.15251 1 0.0508651 0
624 HAT-P-3_b 0.595712 0.928 0.0388252 0
625 upsilon_And_d 4.11582 1.31 2.52452 0.267395
